# [1]-ell [2]-1h+2h [3]-1h [4]-2h
2.000000000000000000e+00 5.657264835306813344e-02 5.224263022641706042e-03 5.134838533042642567e-02
3.000000000000000000e+00 3.854976469415583029e-02 4.775019153147853045e-03 3.377474554100797638e-02
4.000000000000000000e+00 2.829855360993299013e-02 4.418003060422082476e-03 2.388055054951090939e-02
5.000000000000000000e+00 2.181794936525510015e-02 4.121561053198491767e-03 1.769638831205661011e-02
6.000000000000000000e+00 1.743189265684984279e-02 3.868459944628217535e-03 1.356343271222162396e-02
7.000000000000000000e+00 1.432195716165285751e-02 3.648130261149799998e-03 1.067382690050305838e-02
8.000000000000000000e+00 1.203643546239993416e-02 3.453561176512206284e-03 8.582874285887727439e-03
9.000000000000000000e+00 1.030658288756201336e-02 3.279831280517546670e-03 7.026751607044466261e-03
1.000000000000000000e+01 8.964165401437719505e-03 3.123335177124536913e-03 5.840830224313183459e-03
1.100000000000000000e+01 7.899475295014652884e-03 2.981342234073497237e-03 4.918133060941155647e-03
1.200000000000000000e+01 7.038721324025326923e-03 2.851728266541441251e-03 4.186993057483885672e-03
1.300000000000000000e+01 6.331250306185596914e-03 2.732797251697918935e-03 3.598453054487677980e-03
1.400000000000000000e+01 5.741502678000663315e-03 2.623196838977109088e-03 3.118305839023554227e-03
1.500000000000000000e+01 5.243824880620629597e-03 2.521795424955324254e-03 2.722029455665305776e-03
1.600000000000000000e+01 4.819298666774973414e-03 2.427657533570979232e-03 2.391641133203994182e-03
1.700000000000000000e+01 4.453700682596728813e-03 2.339994044206990687e-03 2.113706638389738560e-03
1.800000000000000000e+01 4.137558072873197441e-03 2.257634620626136970e-03 1.879923452247060254e-03
1.900000000000000000e+01 3.858214219306425885e-03 2.181503772999675121e-03 1.676710446306750547e-03
2.000000000000000000e+01 3.613232188281693263e-03 2.109603258551398866e-03 1.503628929730294614e-03
2.100000000000000000e+01 3.395923289082774556e-03 2.042000503584392480e-03 1.353922785498381859e-03
2.200000000000000000e+01 3.202759216148412004e-03 1.977932675655305096e-03 1.224826540493107125e-03
2.300000000000000000e+01 3.028042210478361623e-03 1.918213313036251861e-03 1.109828897442109762e-03
2.400000000000000000e+01 2.871175095671544587e-03 1.861399284317249341e-03 1.009775811354295463e-03
2.500000000000000000e+01 2.729557392917536258e-03 1.807307387950233754e-03 9.222500049673025037e-04
2.600000000000000000e+01 2.599843076913723773e-03 1.756608329656017108e-03 8.432347472577065564e-04
2.700000000000000000e+01 2.481828384942041943e-03 1.708186228429942055e-03 7.736421565120998878e-04
2.800000000000000000e+01 2.373986501256652309e-03 1.661916221842977843e-03 7.120702794136743582e-04
2.900000000000000000e+01 2.274232753210285972e-03 1.618337900798953082e-03 6.558948524113326732e-04
3.000000000000000000e+01 2.182739469168976619e-03 1.576383879708094125e-03 6.063555894608826024e-04
3.100000000000000000e+01 2.097646758212826177e-03 1.536756048424109140e-03 5.608907097887169289e-04
3.200000000000000000e+01 2.019109310004416503e-03 1.498548635402869580e-03 5.205606746015469227e-04
3.300000000000000000e+01 1.945719229947996459e-03 1.462363891521258020e-03 4.833553384267383845e-04
3.400000000000000000e+01 1.877603605435820659e-03 1.427429746640946793e-03 4.501738587948737576e-04
3.500000000000000000e+01 1.813686939696165616e-03 1.394264391821327647e-03 4.194225478748378607e-04
3.600000000000000000e+01 1.754177741137255293e-03 1.362083139371239853e-03 3.920946017660154937e-04
3.700000000000000000e+01 1.698128636916091620e-03 1.331466834876384722e-03 3.666618020397068435e-04
3.800000000000000000e+01 1.645253820652649952e-03 1.302300997338427281e-03 3.429528233142226708e-04
3.900000000000000000e+01 1.595721425261136884e-03 1.273947866436742765e-03 3.217735588243941184e-04
4.000000000000000000e+01 1.548847004453475246e-03 1.246887993243986316e-03 3.019590112094890392e-04
4.100000000000000000e+01 1.504744236606667118e-03 1.220578749864736435e-03 2.841654867419306295e-04
4.200000000000000000e+01 1.462890419776063846e-03 1.195425812684388061e-03 2.674646070916757851e-04
4.300000000000000000e+01 1.423121809041618269e-03 1.171352946059826036e-03 2.517688629817921254e-04
4.400000000000000000e+01 1.385567599936744472e-03 1.147841254751035510e-03 2.377263451857090167e-04
4.500000000000000000e+01 1.349796965124851027e-03 1.125306187835452016e-03 2.244907772893990378e-04
4.600000000000000000e+01 1.315688660452145418e-03 1.103686991419118016e-03 2.120016690330275106e-04
4.700000000000000000e+01 1.283330788516002553e-03 1.082558644285470202e-03 2.007721442305324599e-04
4.800000000000000000e+01 1.252411137839388490e-03 1.062262108572403904e-03 1.901490292669846132e-04
4.900000000000000000e+01 1.222838019011755024e-03 1.042748417916069181e-03 1.800896010956858160e-04
5.000000000000000000e+01 1.194669535857951093e-03 1.023666039967784406e-03 1.710034958901666599e-04
5.100000000000000000e+01 1.167677762154507035e-03 1.005297575745398670e-03 1.623801864091082832e-04
5.200000000000000000e+01 1.141792065807239196e-03 9.876031488406421602e-04 1.541889169665970627e-04
5.300000000000000000e+01 1.117050132116677265e-03 9.702901403002789447e-04 1.467599918163983198e-04
5.400000000000000000e+01 1.093283251140234925e-03 9.535941182956135303e-04 1.396891328446213138e-04
5.500000000000000000e+01 1.070436123588263885e-03 9.374823023142911209e-04 1.329538212739727102e-04
5.600000000000000000e+01 1.048541342587957625e-03 9.216754712799147794e-04 1.268658713080428183e-04
5.700000000000000000e+01 1.027463139779493913e-03 9.064070253991319322e-04 1.210561143803620080e-04
5.800000000000000000e+01 1.007157625821897187e-03 8.916496723541447993e-04 1.155079534677523330e-04
5.900000000000000000e+01 9.875839702402351532e-04 8.773779421622618759e-04 1.102060280779733722e-04
6.000000000000000000e+01 9.687669884569143292e-04 8.633375306240155837e-04 1.054294578328987048e-04
6.100000000000000000e+01 9.506052827140157009e-04 8.497479888706821515e-04 1.008572938433335901e-04
6.200000000000000000e+01 9.330659197585886933e-04 8.365878036934330580e-04 9.647811606515567593e-05
6.300000000000000000e+01 9.161181152732694993e-04 8.238368134837077954e-04 9.228130178956164961e-05
6.400000000000000000e+01 8.997722102743587608e-04 8.112890002370036447e-04 8.848321003735512959e-05
6.500000000000000000e+01 8.839602699265204123e-04 7.991223176531926870e-04 8.483795227332769826e-05
6.600000000000000000e+01 8.686570904182316054e-04 7.873195906523964335e-04 8.133749976583513127e-05
6.700000000000000000e+01 8.538390140946146983e-04 7.758646629088202006e-04 7.797435118579445709e-05
6.800000000000000000e+01 8.395070750812425172e-04 7.645887922531902081e-04 7.491828282805230912e-05
6.900000000000000000e+01 8.256160993184767736e-04 7.536378318896711165e-04 7.197826742880569773e-05
7.000000000000000000e+01 8.121464637445635019e-04 7.429979117422857429e-04 6.914855200227775899e-05
7.100000000000000000e+01 7.990796812257391869e-04 7.326559408548177993e-04 6.642374037092134691e-05
7.200000000000000000e+01 7.864114084086481441e-04 7.224578418723610201e-04 6.395356653628717818e-05
7.300000000000000000e+01 7.741115700043060864e-04 7.125394465440672287e-04 6.157212346023889840e-05
7.400000000000000000e+01 7.621646561271960482e-04 7.028894073804346689e-04 5.927524874676135897e-05
7.500000000000000000e+01 7.505560068673815428e-04 6.934969824153192769e-04 5.705902445206229305e-05
7.600000000000000000e+01 7.392717551798763187e-04 6.843519953519362157e-04 5.491975982794008272e-05
7.700000000000000000e+01 7.283036442035363501e-04 6.753177843931608155e-04 5.298585981037553464e-05
7.800000000000000000e+01 7.176341821819908276e-04 6.665170862982747755e-04 5.111709588371603859e-05
7.900000000000000000e+01 7.072515899112477751e-04 6.579409865378344760e-04 4.931060337341326526e-05
8.000000000000000000e+01 6.971446934739831177e-04 6.495810180586016926e-04 4.756367541538143869e-05
8.100000000000000000e+01 6.873028860748748095e-04 6.414291335756793812e-04 4.587375249919542833e-05
8.200000000000000000e+01 6.777143581910894700e-04 6.333750023230911956e-04 4.433935586799828116e-05
8.300000000000000000e+01 6.683713309921291736e-04 6.255177227323034965e-04 4.285360825982562289e-05
8.400000000000000000e+01 6.592646945534474251e-04 6.178501986800119788e-04 4.141449587343545987e-05
8.500000000000000000e+01 6.503857796540712987e-04 6.103656702835778564e-04 4.002010937049346934e-05
8.600000000000000000e+01 6.417263315993354620e-04 6.030576942455427233e-04 3.866863735379271155e-05
8.700000000000000000e+01 6.332720128826566834e-04 5.958283916934966088e-04 3.744362118916006783e-05
8.800000000000000000e+01 6.250220197797340914e-04 5.887667540948649013e-04 3.625526568486918329e-05
8.900000000000000000e+01 6.169691926952104635e-04 5.818670546819422603e-04 3.510213801326824378e-05
9.000000000000000000e+01 6.091066992614938610e-04 5.751238237008138039e-04 3.398287556068000970e-05
9.100000000000000000e+01 6.014280159647422122e-04 5.685318341808327488e-04 3.289618178390946342e-05
9.200000000000000000e+01 5.939269109904770022e-04 5.620860886380615699e-04 3.184082235241543230e-05
9.300000000000000000e+01 5.865878342220133676e-04 5.557017662569927775e-04 3.088606796502056971e-05
9.400000000000000000e+01 5.794149898215785344e-04 5.494568823541174296e-04 2.995810746746114891e-05
9.500000000000000000e+01 5.724029172146155239e-04 5.433469581801060036e-04 2.905595903450954409e-05
9.600000000000000000e+01 5.655463899140624048e-04 5.373677039450858910e-04 2.817868596897649008e-05
9.700000000000000000e+01 5.588404031847134896e-04 5.315150089822617482e-04 2.732539420245172783e-05
9.800000000000000000e+01 5.522801624764950854e-04 5.257849325186489484e-04 2.649522995784613357e-05
9.900000000000000000e+01 5.458501639838646410e-04 5.201092626538663657e-04 2.574090132999827191e-05
1.000000000000000000e+02 5.395572369298819344e-04 5.145507350301011407e-04 2.500650189978075304e-05
1.010000000000000000e+02 5.333971429642316150e-04 5.091057986722722370e-04 2.429134429195934072e-05
1.020000000000000000e+02 5.273658148318453517e-04 5.037710439519499069e-04 2.359477087989543808e-05
1.030000000000000000e+02 5.214593478784986273e-04 4.985431956449888711e-04 2.291615223350974603e-05
1.040000000000000000e+02 5.156739920555051485e-04 4.934191063935544890e-04 2.225488566195069000e-05
1.050000000000000000e+02 5.099940885247257949e-04 4.883394017445962096e-04 2.165468678012953449e-05
1.060000000000000000e+02 5.044285708240575259e-04 4.833591130094149683e-04 2.106945781464252711e-05
1.070000000000000000e+02 4.989740975916795397e-04 4.784753863635687584e-04 2.049871122811075422e-05
1.080000000000000000e+02 4.936274549327403054e-04 4.736854755174609130e-04 1.994197941527942961e-05
1.090000000000000000e+02 4.883855504366223146e-04 4.689867367164213328e-04 1.939881372020094786e-05
1.100000000000000000e+02 4.832454075266722784e-04 4.643766240165469994e-04 1.886878351012528568e-05
1.110000000000000000e+02 4.782041601211060758e-04 4.598526848187503330e-04 1.835147530235575972e-05
1.120000000000000000e+02 4.732466019985061951e-04 4.553640351213339953e-04 1.788256687717217948e-05
1.130000000000000000e+02 4.683828487094410394e-04 4.509582033456777540e-04 1.742464536376328883e-05
1.140000000000000000e+02 4.636103258484292815e-04 4.466329511604722456e-04 1.697737468795702234e-05
1.150000000000000000e+02 4.589265513040326075e-04 4.423861196195814005e-04 1.654043168445121722e-05
1.160000000000000000e+02 4.543291311862616760e-04 4.382156256877300796e-04 1.611350549853160995e-05
1.170000000000000000e+02 4.498157559668494515e-04 4.341194589465971520e-04 1.569629702025230291e-05
1.180000000000000000e+02 4.453841968195618455e-04 4.300956784704987714e-04 1.528851834906305376e-05
1.190000000000000000e+02 4.410207160448149422e-04 4.261034018398816782e-04 1.491731420493324709e-05
1.200000000000000000e+02 4.367351113360609205e-04 4.221808002359412324e-04 1.455431110011969652e-05
1.210000000000000000e+02 4.325253670866976378e-04 4.183260945403277750e-04 1.419927254636985597e-05
1.220000000000000000e+02 4.283895358521763188e-04 4.145375652310399027e-04 1.385197062113641100e-05
1.230000000000000000e+02 4.243257355119284626e-04 4.108135499188498760e-04 1.351218559307859167e-05
1.240000000000000000e+02 4.203321465713202800e-04 4.071524410045796773e-04 1.317970556674062471e-05
1.250000000000000000e+02 4.164070095956639303e-04 4.035526834503808721e-04 1.285432614528307352e-05
1.260000000000000000e+02 4.125367031204690968e-04 3.999770776509591042e-04 1.255962546950998917e-05
1.270000000000000000e+02 4.087317814692492429e-04 3.964607045181662540e-04 1.227107695108297880e-05
1.280000000000000000e+02 4.049906431571990853e-04 3.930021302786797601e-04 1.198851287851934384e-05
1.290000000000000000e+02 4.013117379570455218e-04 3.895999666714866942e-04 1.171177128555881745e-05
1.300000000000000000e+02 3.976935648785898830e-04 3.862528691650971686e-04 1.144069571349268901e-05
1.310000000000000000e+02 3.941346702426543232e-04 3.829595352576407722e-04 1.117513498501357467e-05
1.320000000000000000e+02 3.906336458443409915e-04 3.797187028553947880e-04 1.091494298894621539e-05
1.330000000000000000e+02 3.871891272008241153e-04 3.765291487255645374e-04 1.065997847525958633e-05
1.340000000000000000e+02 3.837997918791847185e-04 3.733896870193869765e-04 1.041010485979775047e-05
1.350000000000000000e+02 3.804532730740914402e-04 3.702692449474673133e-04 1.018402812662415400e-05
1.360000000000000000e+02 3.771596567794381388e-04 3.671972894302657662e-04 9.962367349172394646e-06
1.370000000000000000e+02 3.739177308886389227e-04 3.641727209341706606e-04 9.745009954468273887e-06
1.380000000000000000e+02 3.707263195908776210e-04 3.611944726145341084e-04 9.531846976343524475e-06
1.390000000000000000e+02 3.675842820321784912e-04 3.582615091163424722e-04 9.322772915836024087e-06
1.400000000000000000e+02 3.644905110350457438e-04 3.553728254271222272e-04 9.117685607923540304e-06
1.410000000000000000e+02 3.614439318737139653e-04 3.525274457794519748e-04 8.916486094262004070e-06
1.420000000000000000e+02 3.584435011022198960e-04 3.497244226006017984e-04 8.719078501618102734e-06
1.430000000000000000e+02 3.554781323394478319e-04 3.469378292188180835e-04 8.540303120629738170e-06
1.440000000000000000e+02 3.525571240876965856e-04 3.441922981254387243e-04 8.364825962257861278e-06
1.450000000000000000e+02 3.496795149034786707e-04 3.414869473218598486e-04 8.192567581618849211e-06
1.460000000000000000e+02 3.468443705778651216e-04 3.388209196379954606e-04 8.023450939869642310e-06
1.470000000000000000e+02 3.440507831859058183e-04 3.361933818697589432e-04 7.857401316146856506e-06
1.480000000000000000e+02 3.412978701754026630e-04 3.336035239521173402e-04 7.694346223285326256e-06
1.490000000000000000e+02 3.385847734931545189e-04 3.310505581660241935e-04 7.534215327130309261e-06
1.500000000000000000e+02 3.359106587468931081e-04 3.285337183776255001e-04 7.376940369267630067e-06
1.510000000000000000e+02 3.332747144012277308e-04 3.260522593082220452e-04 7.222455093005662769e-06
1.520000000000000000e+02 3.306761510060030203e-04 3.236054558335505144e-04 7.070695172452494928e-06
1.530000000000000000e+02 3.281051874020853086e-04 3.211718574421853199e-04 6.933329959899979399e-06
1.540000000000000000e+02 3.255702645592669243e-04 3.187719258789454267e-04 6.798338680321516246e-06
1.550000000000000000e+02 3.230706508103015464e-04 3.164049830116237626e-04 6.665667798677773586e-06
1.560000000000000000e+02 3.206056339023903882e-04 3.140703686043127695e-04 6.535265298077633995e-06
1.570000000000000000e+02 3.181745203622843559e-04 3.117674397345488618e-04 6.407080627735489039e-06
1.580000000000000000e+02 3.157766348860207434e-04 3.094955702329994546e-04 6.281064653021290478e-06
1.590000000000000000e+02 3.134113197521884702e-04 3.072541501446814875e-04 6.157169607507009855e-06
1.600000000000000000e+02 3.110779342576758233e-04 3.050425852107579972e-04 6.035349046917804968e-06
1.610000000000000000e+02 3.087758541749032371e-04 3.028602963700019555e-04 5.915557804901284125e-06
1.620000000000000000e+02 3.064965733950655467e-04 3.006895808795728296e-04 5.806992515492734846e-06
1.630000000000000000e+02 3.042475421392840432e-04 2.985473421595600434e-04 5.700199979724015069e-06
1.640000000000000000e+02 3.020281793073770270e-04 2.964330368957721084e-04 5.595142411604943113e-06
1.650000000000000000e+02 2.998379183895527838e-04 2.943461353512679714e-04 5.491783038284828561e-06
1.660000000000000000e+02 2.976762070148530415e-04 2.922861209476499528e-04 5.390086067203091217e-06
1.670000000000000000e+02 2.955425065161816829e-04 2.902524898616918041e-04 5.290016654489861834e-06
1.680000000000000000e+02 2.934362915112127389e-04 2.882447506366510358e-04 5.191540874561715841e-06
1.690000000000000000e+02 2.913570494985095755e-04 2.862624238076486071e-04 5.094625690860945585e-06
1.700000000000000000e+02 2.893042804682164617e-04 2.843050415405275243e-04 4.999238927688925562e-06
1.710000000000000000e+02 2.872774965267152589e-04 2.823721472836286791e-04 4.905349243086600094e-06
1.720000000000000000e+02 2.852762215346674526e-04 2.804632954319499554e-04 4.812926102717489568e-06
1.730000000000000000e+02 2.832928304888698780e-04 2.785633530274295101e-04 4.729477461440350906e-06
1.740000000000000000e+02 2.813341533270535279e-04 2.766868465440296999e-04 4.647306783023850858e-06
1.750000000000000000e+02 2.793997445447989687e-04 2.748333560180918410e-04 4.566388526707139642e-06
1.760000000000000000e+02 2.774891691339662850e-04 2.730024713400176339e-04 4.486697793948662186e-06
1.770000000000000000e+02 2.756020022778260482e-04 2.711937919689332271e-04 4.408210308892816041e-06
1.780000000000000000e+02 2.737378290566998902e-04 2.694069266571657434e-04 4.330902399534142606e-06
1.790000000000000000e+02 2.718962441636941325e-04 2.676414931841439087e-04 4.254750979550246642e-06
1.800000000000000000e+02 2.700768516301243929e-04 2.658971180993480827e-04 4.179733530776327143e-06
1.810000000000000000e+02 2.682792645602509961e-04 2.641734364739556991e-04 4.105828086295270774e-06
1.820000000000000000e+02 2.665031048749587806e-04 2.624700916608402670e-04 4.033013214118517742e-06
1.830000000000000000e+02 2.647480030640339782e-04 2.607867350626000280e-04 3.961268001433942552e-06
1.840000000000000000e+02 2.630075615233304354e-04 2.591111623365421781e-04 3.896399186788256367e-06
1.850000000000000000e+02 2.612875613930537013e-04 2.574550960988969276e-04 3.832465294156759370e-06
1.860000000000000000e+02 2.595876555380271611e-04 2.558182067993533537e-04 3.769448738673799724e-06
1.870000000000000000e+02 2.579075045273848590e-04 2.542001721756767638e-04 3.707332351708087565e-06
1.880000000000000000e+02 2.562467764237491997e-04 2.526006770548073067e-04 3.646099368941902704e-06
1.890000000000000000e+02 2.546051465792590718e-04 2.510194131604077993e-04 3.585733418851292807e-06
1.900000000000000000e+02 2.529822974381890533e-04 2.494560789266174168e-04 3.526218511571635145e-06
1.910000000000000000e+02 2.513779183459135310e-04 2.479103793177797176e-04 3.467539028133786267e-06
1.920000000000000000e+02 2.497917053639812208e-04 2.463820256539245280e-04 3.409679710056698298e-06
1.930000000000000000e+02 2.482233610910731104e-04 2.448707354417902090e-04 3.352625649282912887e-06
1.940000000000000000e+02 2.466725944896267691e-04 2.433762322111827729e-04 3.296362278443982553e-06
1.950000000000000000e+02 2.451391207179214027e-04 2.418982453564780212e-04 3.240875361443393002e-06
1.960000000000000000e+02 2.436173943808475682e-04 2.404265737141517254e-04 3.190820666695850074e-06
1.970000000000000000e+02 2.421124892659664207e-04 2.389710454064094397e-04 3.141443859556980987e-06
1.980000000000000000e+02 2.406241366804298242e-04 2.375314037214228016e-04 3.092732959007031929e-06
1.990000000000000000e+02 2.391520735401574604e-04 2.361073972895926030e-04 3.044676250564869199e-06
2.000000000000000000e+02 2.376960422254699424e-04 2.346987799463584286e-04 2.997262279111522206e-06
2.010000000000000000e+02 2.362557904411341709e-04 2.333053105991935035e-04 2.950479841940670315e-06
2.020000000000000000e+02 2.348310710806652949e-04 2.319267530986374355e-04 2.904317982027847996e-06
2.030000000000000000e+02 2.334216420947352510e-04 2.305628761132247936e-04 2.858765981510446407e-06
2.040000000000000000e+02 2.320272663635443325e-04 2.292134530081734020e-04 2.813813355370929190e-06
2.050000000000000000e+02 2.306477115730177151e-04 2.278782617277016749e-04 2.769449845316028397e-06
2.060000000000000000e+02 2.292827500946944782e-04 2.265570846808495783e-04 2.725665413844901188e-06
2.070000000000000000e+02 2.279321588691816437e-04 2.252497086306821125e-04 2.682450238499531598e-06
2.080000000000000000e+02 2.265957192930504230e-04 2.239559245867594149e-04 2.639794706290996661e-06
2.090000000000000000e+02 2.252689073748637887e-04 2.226676459596971778e-04 2.601261415166601943e-06
2.100000000000000000e+02 2.239558843499229015e-04 2.213926661899055380e-04 2.563218160017359617e-06
2.110000000000000000e+02 2.226564432684845576e-04 2.201307864585855874e-04 2.525656809898971887e-06
2.120000000000000000e+02 2.213703812393872034e-04 2.188818118356786592e-04 2.488569403708539944e-06
2.130000000000000000e+02 2.200974993318961066e-04 2.176455511860062139e-04 2.451948145889887974e-06
2.140000000000000000e+02 2.188376024803682669e-04 2.164218170781017454e-04 2.415785402266516804e-06
2.150000000000000000e+02 2.175904993916420076e-04 2.152104256956442838e-04 2.380073695997725469e-06
2.160000000000000000e+02 2.163560024550628051e-04 2.140111967514089558e-04 2.344805703653841270e-06
2.170000000000000000e+02 2.151339276550573454e-04 2.128239534036509002e-04 2.309974251406446847e-06
2.180000000000000000e+02 2.139240944861728127e-04 2.116485221748430959e-04 2.275572311329726533e-06
2.190000000000000000e+02 2.127263258705007726e-04 2.104847328726915014e-04 2.241592997809275781e-06
2.200000000000000000e+02 2.115404480774088600e-04 2.093324185133541070e-04 2.208029564054742005e-06
2.210000000000000000e+02 2.103662906455045693e-04 2.081914152467917174e-04 2.174875398712846874e-06
2.220000000000000000e+02 2.092000511387844127e-04 2.070550944491769566e-04 2.144956689607462084e-06
2.230000000000000000e+02 2.080452494438064489e-04 2.059298531034787691e-04 2.115396340327689904e-06
2.240000000000000000e+02 2.069017236605831208e-04 2.048155349112218534e-04 2.086188749361255088e-06
2.250000000000000000e+02 2.057693148832908975e-04 2.037119864578423336e-04 2.057328425448570296e-06
2.260000000000000000e+02 2.046478671319803633e-04 2.026190571470252500e-04 2.028809984955100972e-06
2.270000000000000000e+02 2.035372272861359294e-04 2.015365991368186247e-04 2.000628149317292928e-06
2.280000000000000000e+02 2.024372450200278943e-04 2.004644672774681538e-04 1.972777742559734117e-06
2.290000000000000000e+02 2.013477727398005552e-04 1.994025190509192695e-04 1.945253688881274641e-06
2.300000000000000000e+02 2.002686655222423785e-04 1.983506145119344987e-04 1.918051010307875576e-06
2.310000000000000000e+02 1.991997810551864576e-04 1.973086162307763564e-04 1.891164824410091297e-06
2.320000000000000000e+02 1.981409795794909789e-04 1.962763892374078513e-04 1.864590342083122538e-06
2.330000000000000000e+02 1.970921238325509871e-04 1.952538009671634940e-04 1.838322865387499868e-06
2.340000000000000000e+02 1.960530789932948576e-04 1.942407212078464110e-04 1.812357785448439647e-06
2.350000000000000000e+02 1.950237126286205624e-04 1.932370220482084399e-04 1.786690580412119757e-06
2.360000000000000000e+02 1.940038946412275475e-04 1.922425778277705424e-04 1.761316813457004005e-06
2.370000000000000000e+02 1.929905054159356188e-04 1.912520542315171088e-04 1.738451184418522063e-06
2.380000000000000000e+02 1.919864488641593843e-04 1.902706064485954764e-04 1.715842415563902407e-06
2.390000000000000000e+02 1.909916010185416584e-04 1.892981142762253802e-04 1.693486742316268490e-06
2.400000000000000000e+02 1.900058400629308470e-04 1.883344595933483399e-04 1.671380469582510681e-06
2.410000000000000000e+02 1.890290462863406006e-04 1.873795263161405413e-04 1.649519970200060355e-06
2.420000000000000000e+02 1.880611020380804869e-04 1.864332003546559976e-04 1.627901683424486302e-06
2.430000000000000000e+02 1.871018916840227445e-04 1.854953695705660838e-04 1.606522113456671306e-06
2.440000000000000000e+02 1.861513015639713452e-04 1.845659237359629980e-04 1.585377828008348286e-06
2.450000000000000000e+02 1.852092199501023293e-04 1.836447544931973897e-04 1.564465456904926868e-06
2.460000000000000000e+02 1.842755370064432939e-04 1.827317553157189014e-04 1.543781690724401860e-06
2.470000000000000000e+02 1.833501447493624914e-04 1.818268214698911644e-04 1.523323279471327613e-06
2.480000000000000000e+02 1.824329370090382353e-04 1.809298499777533848e-04 1.503087031284840582e-06
2.490000000000000000e+02 1.815238093918803179e-04 1.800407395807006815e-04 1.483069811179648390e-06
2.500000000000000000e+02 1.806226592438768476e-04 1.791593907040577537e-04 1.463268539819090330e-06
2.510000000000000000e+02 1.797293856148390510e-04 1.782857054225197462e-04 1.443680192319307468e-06
2.520000000000000000e+02 1.788415414999038403e-04 1.774155550081764831e-04 1.425986491727362864e-06
2.530000000000000000e+02 1.779614047966175303e-04 1.765529249361117369e-04 1.408479860505801428e-06
2.540000000000000000e+02 1.770888790589761059e-04 1.756977213407101947e-04 1.391157718265914193e-06
2.550000000000000000e+02 1.762238694174183315e-04 1.748498518879675902e-04 1.374017529450752448e-06
2.560000000000000000e+02 1.753662825470448847e-04 1.740092257446533108e-04 1.357056802391586610e-06
2.570000000000000000e+02 1.745160266365981675e-04 1.731757535482104514e-04 1.340273088387724569e-06
2.580000000000000000e+02 1.736730113581826259e-04 1.723493473773736104e-04 1.323663980809005106e-06
2.590000000000000000e+02 1.728371478377044659e-04 1.715299207234841528e-04 1.307227114220322216e-06
2.600000000000000000e+02 1.720083486260117096e-04 1.707173884624841296e-04 1.290960163527585929e-06
2.610000000000000000e+02 1.711865276707142628e-04 1.699116668275697719e-04 1.274860843144489219e-06
2.620000000000000000e+02 1.703716002886668907e-04 1.691126733824873741e-04 1.258926906179510327e-06
2.630000000000000000e+02 1.695634831390955329e-04 1.683203269954529737e-04 1.243156143642566454e-06
2.640000000000000000e+02 1.687620941973512348e-04 1.675345478136804035e-04 1.227546383670824378e-06
2.650000000000000000e+02 1.679673527292726697e-04 1.667552572384996105e-04 1.212095490773059607e-06
2.660000000000000000e+02 1.671791792661431555e-04 1.659823779010510391e-04 1.196801365092126795e-06
2.670000000000000000e+02 1.663974955802244402e-04 1.652158336385394345e-04 1.181661941684994441e-06
2.680000000000000000e+02 1.656203392879437451e-04 1.644523466469482781e-04 1.167992640995473843e-06
2.690000000000000000e+02 1.648495409586919649e-04 1.636950816277058397e-04 1.154459330986124632e-06
2.700000000000000000e+02 1.640850256612091723e-04 1.629439654146083922e-04 1.141060246600780743e-06
2.710000000000000000e+02 1.633267196176045610e-04 1.621989259659616296e-04 1.127793651642927413e-06
2.720000000000000000e+02 1.625745501814591129e-04 1.614598923432551420e-04 1.114657838203981888e-06
2.730000000000000000e+02 1.618284458164230403e-04 1.607267946903181413e-04 1.101651126104906860e-06
2.740000000000000000e+02 1.610883360752932863e-04 1.599995642129425314e-04 1.088771862350764873e-06
2.750000000000000000e+02 1.603541515795604843e-04 1.592781331589625639e-04 1.076018420597910878e-06
2.760000000000000000e+02 1.596258239994117708e-04 1.585624347987783117e-04 1.063389200633451318e-06
2.770000000000000000e+02 1.589032860341783643e-04 1.578524034063117113e-04 1.050882627866650599e-06
2.780000000000000000e+02 1.581864713932164734e-04 1.571479742403844701e-04 1.038497152832007146e-06
2.790000000000000000e+02 1.574753147772100679e-04 1.564490835265064503e-04 1.026231250703625273e-06
2.800000000000000000e+02 1.567697518598849143e-04 1.557556684390642608e-04 1.014083420820648669e-06
2.810000000000000000e+02 1.560697192701236311e-04 1.550676670839001880e-04 1.002052186223430660e-06
2.820000000000000000e+02 1.553751545744712738e-04 1.543850184812711128e-04 9.901360932001738034e-07
2.830000000000000000e+02 1.546859962600217726e-04 1.537076625491780074e-04 9.783337108437719872e-07
2.840000000000000000e+02 1.540021837176750591e-04 1.530355400870564994e-04 9.666436306185691738e-07
2.850000000000000000e+02 1.533221494163783654e-04 1.523660339613814479e-04 9.561154549969188035e-07
2.860000000000000000e+02 1.526473581221938775e-04 1.517016723102617326e-04 9.456858119321574204e-07
2.870000000000000000e+02 1.519777516387186308e-04 1.510423981405305217e-04 9.353534981881055345e-07
2.880000000000000000e+02 1.513132726130994186e-04 1.503881552840573657e-04 9.251173290420626111e-07
2.890000000000000000e+02 1.506538645209511606e-04 1.497388883830115590e-04 9.149761379395970990e-07
2.900000000000000000e+02 1.499994716515957343e-04 1.490945428754388089e-04 9.049287761569272508e-07
2.910000000000000000e+02 1.493500390936133545e-04 1.484550649811427006e-04 8.949741124706655172e-07
2.920000000000000000e+02 1.487055127206991290e-04 1.478204016878643446e-04 8.851110328347740519e-07
2.930000000000000000e+02 1.480658391778162523e-04 1.471905007377517511e-04 8.753384400645127896e-07
2.940000000000000000e+02 1.474309658676404688e-04 1.465653106141132100e-04 8.656552535272500801e-07
2.950000000000000000e+02 1.468008409372865931e-04 1.459447805284466823e-04 8.560604088399162839e-07
2.960000000000000000e+02 1.461754132653124492e-04 1.453288604077394559e-04 8.465528575729909560e-07
2.970000000000000000e+02 1.455546324489912315e-04 1.447175008820304222e-04 8.371315669607960849e-07
2.980000000000000000e+02 1.449384487918482214e-04 1.441106532722302030e-04 8.277955196180143878e-07
2.990000000000000000e+02 1.443268132914535110e-04 1.435082695781912947e-04 8.185437132622084110e-07
3.000000000000000000e+02 1.437196776274658825e-04 1.429103024670236213e-04 8.093751604422498028e-07
3.010000000000000000e+02 1.431169941499213646e-04 1.423167052616488833e-04 8.002888882724737878e-07
3.020000000000000000e+02 1.425187158677606388e-04 1.417274319295881995e-04 7.912839381724520106e-07
3.030000000000000000e+02 1.419247964375903082e-04 1.411424370719780818e-04 7.823593656122274718e-07
3.040000000000000000e+02 1.413340156690681064e-04 1.405596762192795808e-04 7.743394497885292257e-07
3.050000000000000000e+02 1.407475145109047599e-04 1.399811245596822710e-04 7.663899512224964473e-07
3.060000000000000000e+02 1.401652483592386218e-04 1.394067382960199279e-04 7.585100632186899284e-07
3.070000000000000000e+02 1.395871732171890362e-04 1.388364742264617396e-04 7.506989907272856838e-07
3.080000000000000000e+02 1.390132456846681990e-04 1.382702897345278897e-04 7.429559501403091049e-07
3.090000000000000000e+02 1.384434229483958725e-04 1.377081427793038187e-04 7.352801690920600220e-07
3.100000000000000000e+02 1.378776627721128346e-04 1.371499918858491826e-04 7.276708862636396284e-07
3.110000000000000000e+02 1.373159234869879666e-04 1.365957961357964915e-04 7.201273511914623774e-07
3.120000000000000000e+02 1.367581639822154551e-04 1.360455151581357706e-04 7.126488240796844537e-07
3.130000000000000000e+02 1.362043436957967161e-04 1.354991091201802834e-04 7.052345756164456926e-07
3.140000000000000000e+02 1.356544226055034880e-04 1.349565387187096565e-04 6.978838867938221399e-07
3.150000000000000000e+02 1.351083612200175692e-04 1.344177651712861251e-04 6.905960487314306987e-07
3.160000000000000000e+02 1.345661205702438376e-04 1.338827502077402664e-04 6.833703625035774458e-07
3.170000000000000000e+02 1.340276622007917557e-04 1.333514560618218839e-04 6.762061389698777232e-07
3.180000000000000000e+02 1.334929481616220807e-04 1.328238454630128172e-04 6.691026986092635156e-07
3.190000000000000000e+02 1.329619409998555001e-04 1.322998816284981808e-04 6.620593713573134192e-07
3.200000000000000000e+02 1.324346037517383143e-04 1.317795282552915062e-04 6.550754964468021840e-07
3.210000000000000000e+02 1.319108999347629973e-04 1.312627495125115624e-04 6.481504222514264168e-07
3.220000000000000000e+02 1.313907935399395428e-04 1.307495100338069277e-04 6.412835061326128496e-07
3.230000000000000000e+02 1.308742490242140719e-04 1.302397749099247319e-04 6.344741142893487154e-07
3.240000000000000000e+02 1.303604100692412507e-04 1.297320741465140398e-04 6.283359227272233702e-07
3.250000000000000000e+02 1.298500708521905817e-04 1.292278225059877042e-04 6.222483462028836465e-07
3.260000000000000000e+02 1.293431970985769867e-04 1.287269862583049107e-04 6.162108402720822954e-07
3.270000000000000000e+02 1.288397549721215533e-04 1.282295321042505488e-04 6.102228678710043419e-07
3.280000000000000000e+02 1.283397110678406413e-04 1.277354271686456666e-04 6.042838991949857312e-07
3.290000000000000000e+02 1.278430324052650107e-04 1.272446389936854284e-04 5.983934115795804799e-07
3.300000000000000000e+02 1.273496864217850432e-04 1.267571355324011314e-04 5.925508893839137568e-07
3.310000000000000000e+02 1.268596409661206469e-04 1.262728851422443579e-04 5.867558238762840487e-07
3.320000000000000000e+02 1.263728642919119676e-04 1.257918565787900106e-04 5.810077131219553288e-07
3.330000000000000000e+02 1.258893250514289024e-04 1.253140189895558180e-04 5.753060618730880906e-07
3.340000000000000000e+02 1.254089922893968936e-04 1.248393419079361151e-04 5.696503814607775865e-07
3.350000000000000000e+02 1.249318354369363194e-04 1.243677952472471877e-04 5.640401896891343700e-07
3.360000000000000000e+02 1.244578243056129350e-04 1.238993492948815530e-04 5.584750107313700817e-07
3.370000000000000000e+02 1.239869290815975194e-04 1.234339747065696564e-04 5.529543750278569283e-07
3.380000000000000000e+02 1.235191203199320176e-04 1.229716425007459240e-04 5.474778191860929854e-07
3.390000000000000000e+02 1.230543689388997398e-04 1.225123240530171897e-04 5.420448858825570199e-07
3.400000000000000000e+02 1.225926462144979090e-04 1.220559910907315066e-04 5.366551237663897260e-07
3.410000000000000000e+02 1.221339237750101992e-04 1.216026156876453222e-04 5.313080873648879301e-07
3.420000000000000000e+02 1.216781735956771766e-04 1.211521702586864301e-04 5.260033369907416719e-07
3.430000000000000000e+02 1.212253679934622734e-04 1.207046275548112732e-04 5.207404386510041026e-07
3.440000000000000000e+02 1.207748265507331369e-04 1.202588265185167810e-04 5.160000322163626270e-07
3.450000000000000000e+02 1.203271809998853289e-04 1.198158845545081491e-04 5.112964453771802782e-07
3.460000000000000000e+02 1.198824045924520181e-04 1.193757752874681369e-04 5.066293049838855666e-07
3.470000000000000000e+02 1.194404709024606155e-04 1.189384726598069155e-04 5.019982426537037095e-07
3.480000000000000000e+02 1.190013538216368194e-04 1.185039509269399880e-04 4.974028946968279692e-07
3.490000000000000000e+02 1.185650275546933910e-04 1.180721846526494573e-04 4.928429020439373492e-07
3.500000000000000000e+02 1.181314666147019530e-04 1.176431487045269213e-04 4.883179101750271924e-07
3.510000000000000000e+02 1.177006458185461983e-04 1.172168182494966665e-04 4.838275690495341506e-07
3.520000000000000000e+02 1.172725402824547052e-04 1.167931687494169784e-04 4.793715330377223867e-07
3.530000000000000000e+02 1.168471254176118305e-04 1.163721759567585255e-04 4.749494608533063920e-07
3.540000000000000000e+02 1.164243769258452402e-04 1.159538159103579592e-04 4.705610154872851660e-07
3.550000000000000000e+02 1.160042707953881706e-04 1.155380649312452127e-04 4.662058641429617134e-07
3.560000000000000000e+02 1.155867832967152919e-04 1.151248996185431705e-04 4.618836781721271585e-07
3.570000000000000000e+02 1.151718909784504820e-04 1.147142968454381091e-04 4.575941330123770247e-07
3.580000000000000000e+02 1.147595706633451276e-04 1.143062337552195804e-04 4.533369081255465504e-07
3.590000000000000000e+02 1.143497994443255978e-04 1.139006877573883568e-04 4.491116869372384134e-07
3.600000000000000000e+02 1.139425546806082355e-04 1.134976365238308236e-04 4.449181567774126334e-07
3.610000000000000000e+02 1.135378139938812583e-04 1.130970579850592233e-04 4.407560088220348432e-07
3.620000000000000000e+02 1.131355552645510205e-04 1.126989303265152852e-04 4.366249380357376110e-07
3.630000000000000000e+02 1.127357566280528384e-04 1.123032319849373350e-04 4.325246431155039725e-07
3.640000000000000000e+02 1.123383964712236434e-04 1.119099416447883231e-04 4.284548264353159452e-07
3.650000000000000000e+02 1.119434534287365966e-04 1.115190382347448116e-04 4.244151939917886720e-07
3.660000000000000000e+02 1.115509063795953074e-04 1.111305009242445770e-04 4.204054553507366707e-07
3.670000000000000000e+02 1.111603264132139353e-04 1.107435210284457637e-04 4.168053847681702316e-07
3.680000000000000000e+02 1.107721042422766785e-04 1.103588727015793940e-04 4.132315406972861278e-07
3.690000000000000000e+02 1.103862194253045693e-04 1.099765357514437297e-04 4.096836738608339025e-07
3.700000000000000000e+02 1.100026517521104870e-04 1.095964902141421054e-04 4.061615379683838063e-07
3.710000000000000000e+02 1.096213812405711215e-04 1.092187163508981932e-04 4.026648896729299643e-07
3.720000000000000000e+02 1.092423881334524702e-04 1.088431946449242303e-04 3.991934885282363910e-07
3.730000000000000000e+02 1.088656528952877423e-04 1.084699057983408416e-04 3.957470969469071124e-07
3.740000000000000000e+02 1.084911562093070474e-04 1.080988307291478733e-04 3.923254801591762661e-07
3.750000000000000000e+02 1.081188789744172961e-04 1.077299505682449108e-04 3.889284061723893273e-07
3.760000000000000000e+02 1.077488023022318787e-04 1.073632466565007071e-04 3.855556457311750372e-07
3.770000000000000000e+02 1.073809075141490122e-04 1.069987005418707231e-04 3.822069722782913052e-07
3.780000000000000000e+02 1.070151761384775601e-04 1.066362939765614373e-04 3.788821619161243851e-07
3.790000000000000000e+02 1.066515899076099624e-04 1.062760089142411276e-04 3.755809933688401604e-07
3.800000000000000000e+02 1.062901307552407959e-04 1.059178275072956331e-04 3.723032479451645114e-07
3.810000000000000000e+02 1.059307808136306409e-04 1.055617321041288538e-04 3.690487095017906969e-07
3.820000000000000000e+02 1.055735224109139396e-04 1.052077052465065499e-04 3.658171644073922075e-07
3.830000000000000000e+02 1.052183380684504121e-04 1.048557296669431707e-04 3.626084015072355283e-07
3.840000000000000000e+02 1.048652104982189732e-04 1.045057882861306014e-04 3.594222120883783080e-07
3.850000000000000000e+02 1.045141226002534586e-04 1.041578642104080146e-04 3.562583898454467402e-07
3.860000000000000000e+02 1.041650574601193208e-04 1.038119407292723527e-04 3.531167308469729913e-07
3.870000000000000000e+02 1.038179983464305485e-04 1.034680013129282608e-04 3.499970335022868001e-07
3.880000000000000000e+02 1.034729287084062272e-04 1.031260296098772687e-04 3.468990985289543670e-07
3.890000000000000000e+02 1.031298321734657651e-04 1.027860094445450146e-04 3.438227289207467972e-07
3.900000000000000000e+02 1.027886925448620668e-04 1.024479248149459410e-04 3.407677299161304217e-07
3.910000000000000000e+02 1.024490690450181646e-04 1.021110494413120863e-04 3.380196037060826359e-07
3.920000000000000000e+02 1.021113738255254922e-04 1.017760835458476312e-04 3.352902796778553078e-07
3.930000000000000000e+02 1.017755911730039355e-04 1.014430115830010896e-04 3.325795900028491269e-07
3.940000000000000000e+02 1.014417055411566735e-04 1.011118181724155748e-04 3.298873687411040452e-07
3.950000000000000000e+02 1.011097015485786670e-04 1.007824880967631465e-04 3.272134518155219995e-07
3.960000000000000000e+02 1.007795639765994626e-04 1.004550062996129576e-04 3.245576769865054217e-07
3.970000000000000000e+02 1.004512777671594703e-04 1.001293578833324692e-04 3.219198838270016363e-07
3.980000000000000000e+02 1.001248280207192972e-04 9.980552810702135425e-05 3.192999136979484343e-07
3.990000000000000000e+02 9.980019999420129413e-05 9.948350238447718178e-05 3.166976097241063172e-07
4.000000000000000000e+02 9.947737909896295198e-05 9.916326628219266531e-05 3.141128167702821232e-07
4.010000000000000000e+02 9.915635089880149502e-05 9.884480551738356676e-05 3.115453814179216958e-07
4.020000000000000000e+02 9.883710110798918467e-05 9.852810595604710720e-05 3.089951519420823394e-07
4.030000000000000000e+02 9.851961558933862852e-05 9.821315361104986791e-05 3.064619782887608187e-07
4.040000000000000000e+02 9.820388035229753892e-05 9.789993464024495133e-05 3.039457120525816629e-07
4.050000000000000000e+02 9.788988155107303615e-05 9.758843534461819863e-05 3.014462064548412783e-07
4.060000000000000000e+02 9.757760548278377485e-05 9.727864216646189182e-05 2.989633163218833559e-07
4.070000000000000000e+02 9.726703858564077481e-05 9.697054168757694324e-05 2.964968980638285501e-07
4.080000000000000000e+02 9.695816743715520759e-05 9.666412062750158029e-05 2.940468096536221666e-07
4.090000000000000000e+02 9.665097875237376270e-05 9.635936584176735199e-05 2.916129106064173797e-07
4.100000000000000000e+02 9.634545938214021069e-05 9.605626432018093963e-05 2.891950619592743943e-07
4.110000000000000000e+02 9.604159631138324462e-05 9.575480318513206949e-05 2.867931262511738030e-07
4.120000000000000000e+02 9.573937665742990875e-05 9.545496968992656561e-05 2.844069675033388995e-07
4.130000000000000000e+02 9.543878766834445169e-05 9.515675121714458305e-05 2.820364511998666287e-07
4.140000000000000000e+02 9.513981672129166907e-05 9.486013527702301894e-05 2.796814442686484345e-07
4.150000000000000000e+02 9.484245132092474905e-05 9.456510950586215539e-05 2.773418150625876219e-07
4.160000000000000000e+02 9.454682190229005460e-05 9.427158512549852864e-05 2.752367767915233573e-07
4.170000000000000000e+02 9.425277238882388451e-05 9.397962710905060398e-05 2.731452797732832258e-07
4.180000000000000000e+02 9.396029066721418995e-05 9.368922345685657847e-05 2.710672103576072472e-07
4.190000000000000000e+02 9.366936474532624156e-05 9.340036228922930382e-05 2.690024560969444052e-07
4.200000000000000000e+02 9.337998275070751465e-05 9.311303184497649954e-05 2.669509057310134073e-07
4.210000000000000000e+02 9.309213292911417716e-05 9.282722047994258232e-05 2.649124491715996612e-07
4.220000000000000000e+02 9.280580364305942426e-05 9.254291666557184061e-05 2.628869774875779851e-07
4.230000000000000000e+02 9.252098337038295488e-05 9.226010898749279193e-05 2.608743828901648641e-07
4.240000000000000000e+02 9.223766070284115655e-05 9.197878614412277392e-05 2.588745587183860647e-07
4.250000000000000000e+02 9.195582434471789000e-05 9.169893694529312187e-05 2.568873994247691369e-07
4.260000000000000000e+02 9.167546311145546715e-05 9.142055031089422763e-05 2.549128005612440740e-07
4.270000000000000000e+02 9.139656592830523946e-05 9.114361526953997875e-05 2.529506587652559957e-07
4.280000000000000000e+02 9.111912182899779692e-05 9.086812095725171326e-05 2.510008717460846664e-07
4.290000000000000000e+02 9.084311995443235732e-05 9.059405661616098525e-05 2.490633382713658181e-07
4.300000000000000000e+02 9.056854955138485806e-05 9.032141159323104664e-05 2.471379581538149685e-07
4.310000000000000000e+02 9.029539997123466912e-05 9.005017533899652984e-05 2.452246322381425081e-07
4.320000000000000000e+02 9.002366066870934444e-05 8.978033740632118253e-05 2.433232623881655654e-07
4.330000000000000000e+02 8.975332120064760145e-05 8.951188744917349164e-05 2.414337514741097647e-07
4.340000000000000000e+02 8.948437122477944457e-05 8.924481522141935650e-05 2.395560033600910854e-07
4.350000000000000000e+02 8.921680049852412375e-05 8.897911057563233958e-05 2.376899228917903679e-07
4.360000000000000000e+02 8.895059887780466790e-05 8.871476346192036999e-05 2.358354158842994758e-07
4.370000000000000000e+02 8.868575631587945370e-05 8.845176392676930635e-05 2.339923891101492266e-07
4.380000000000000000e+02 8.842226286219021371e-05 8.819010211190270849e-05 2.321607502875098258e-07
4.390000000000000000e+02 8.816010866122615840e-05 8.792976825315760106e-05 2.303404080685635395e-07
4.400000000000000000e+02 8.789928395140411731e-05 8.767075267937608015e-05 2.285312720280437032e-07
4.410000000000000000e+02 8.763977906396431974e-05 8.741304581131238325e-05 2.267332526519398557e-07
4.420000000000000000e+02 8.738158442188174741e-05 8.715663816055538207e-05 2.249462613263688903e-07
4.430000000000000000e+02 8.712453732591739057e-05 8.690119928587339401e-05 2.233380400439998385e-07
4.440000000000000000e+02 8.686878262701817368e-05 8.664704308833587679e-05 2.217395386822956441e-07
4.450000000000000000e+02 8.661431100845731756e-05 8.639416032785777425e-05 2.201506805995482911e-07
4.460000000000000000e+02 8.636111324112392496e-05 8.614254185120782644e-05 2.185713899160944953e-07
4.470000000000000000e+02 8.610918018250671711e-05 8.589217859100158970e-05 2.170015915051244967e-07
4.480000000000000000e+02 8.585850277569167534e-05 8.564306156470805000e-05 2.154412109836208720e-07
4.490000000000000000e+02 8.560907204837351974e-05 8.539518187367010048e-05 2.138901747034247983e-07
4.500000000000000000e+02 8.536087911188090295e-05 8.514853070213847664e-05 2.123484097424326018e-07
4.510000000000000000e+02 8.511391516021468218e-05 8.490309931631876978e-05 2.108158438959109697e-07
4.520000000000000000e+02 8.486817146909952697e-05 8.465887906343158630e-05 2.092924056679389535e-07
4.530000000000000000e+02 8.462363939504844237e-05 8.441586137078547353e-05 2.077780242629680791e-07
4.540000000000000000e+02 8.438031037444003164e-05 8.417403774486253076e-05 2.062726295775005662e-07
4.550000000000000000e+02 8.413817592260820007e-05 8.393339977041631235e-05 2.047761521918857873e-07
4.560000000000000000e+02 8.389722763294423229e-05 8.369393910958200945e-05 2.032885233622281390e-07
4.570000000000000000e+02 8.365745717601116176e-05 8.345564750099874769e-05 2.018096750124123058e-07
4.580000000000000000e+02 8.341885629866978183e-05 8.321851675894355359e-05 2.003395397262339800e-07
4.590000000000000000e+02 8.318141682321677274e-05 8.298253877247712524e-05 1.988780507396435809e-07
4.600000000000000000e+02 8.294513064653402309e-05 8.274770550460093283e-05 1.974251419330955094e-07
4.610000000000000000e+02 8.270998973924982328e-05 8.251400899142582535e-05 1.959807478240044989e-07
4.620000000000000000e+02 8.247598614491077895e-05 8.228144134135147929e-05 1.945448035593039542e-07
4.630000000000000000e+02 8.224311197916512218e-05 8.204999473425701457e-05 1.931172449081081055e-07
4.640000000000000000e+02 8.201135942895685109e-05 8.181966142070237129e-05 1.916980082544751171e-07
4.650000000000000000e+02 8.178072075173033206e-05 8.159043372114006755e-05 1.902870305902679240e-07
4.660000000000000000e+02 8.155118827464586588e-05 8.136230402513775883e-05 1.888842495081128726e-07
4.670000000000000000e+02 8.132275439380520147e-05 8.113526479061074475e-05 1.874896031944561951e-07
4.680000000000000000e+02 8.109541157348762062e-05 8.090930854306491139e-05 1.861030304227131276e-07
4.690000000000000000e+02 8.086915234539590245e-05 8.068442787484939071e-05 1.847244705465102811e-07
4.700000000000000000e+02 8.064396930791218124e-05 8.046061544441916757e-05 1.833538634930192538e-07
4.710000000000000000e+02 8.041987841244008001e-05 8.023775714948194369e-05 1.821212629581425380e-07
4.720000000000000000e+02 8.019684895349212970e-05 8.001595328339595927e-05 1.808956700961765691e-07
4.730000000000000000e+02 7.997487372626779919e-05 7.979519669334550751e-05 1.796770329222923922e-07
4.740000000000000000e+02 7.975394558975473834e-05 7.957548028981673016e-05 1.784652999380146914e-07
4.750000000000000000e+02 7.953405746603244919e-05 7.935679704590675038e-05 1.772604201257020471e-07
4.760000000000000000e+02 7.931520233958438677e-05 7.913913999664128941e-05 1.760623429430980260e-07
4.770000000000000000e+02 7.909737325661962801e-05 7.892250223830166167e-05 1.748710183179596682e-07
4.780000000000000000e+02 7.888056332440276702e-05 7.870687692776000971e-05 1.736863966427533147e-07
4.790000000000000000e+02 7.866476571059287707e-05 7.849225728182345678e-05 1.725084287694237547e-07
4.800000000000000000e+02 7.844997364259069885e-05 7.827863657658647222e-05 1.713370660042299721e-07
4.810000000000000000e+02 7.823618040689433984e-05 7.806600814679169359e-05 1.701722601026529687e-07
4.820000000000000000e+02 7.802337934846324059e-05 7.785436538519886686e-05 1.690139632643669555e-07
4.830000000000000000e+02 7.781156387009020489e-05 7.764370174196193154e-05 1.678621281282793140e-07
4.840000000000000000e+02 7.760072743178152068e-05 7.743401072401388504e-05 1.667167077676340830e-07
4.850000000000000000e+02 7.739086355014499570e-05 7.722528589445981921e-05 1.655776556851827863e-07
4.860000000000000000e+02 7.718196579778571808e-05 7.701752087197730233e-05 1.644449258084135458e-07
4.870000000000000000e+02 7.697402780270943341e-05 7.681070933022458088e-05 1.633184724848470575e-07
4.880000000000000000e+02 7.676704324773364683e-05 7.660484499725624878e-05 1.621982504773918334e-07
4.890000000000000000e+02 7.656100586990605692e-05 7.639992165494630279e-05 1.610842149597608535e-07
4.900000000000000000e+02 7.635590945993032160e-05 7.619593313841838069e-05 1.599763215119463980e-07
4.910000000000000000e+02 7.615174786159904753e-05 7.599287333548329073e-05 1.588745261157540925e-07
4.920000000000000000e+02 7.594851497123401645e-05 7.579073618608361557e-05 1.577787851503966427e-07
4.930000000000000000e+02 7.574620473713322862e-05 7.558951568174509237e-05 1.566890553881414615e-07
4.940000000000000000e+02 7.554481115902511536e-05 7.538920586503509449e-05 1.556052939900162911e-07
4.950000000000000000e+02 7.534432828752932469e-05 7.518980082902775388e-05 1.545274585015702272e-07
4.960000000000000000e+02 7.514475022362435098e-05 7.499129471677567008e-05 1.534555068486868874e-07
4.970000000000000000e+02 7.494607111812185947e-05 7.479368172078840887e-05 1.523893973334550467e-07
4.980000000000000000e+02 7.474828517114732638e-05 7.459695608251723530e-05 1.513290886300881619e-07
4.990000000000000000e+02 7.455138663162727899e-05 7.440111209184637885e-05 1.502745397808983974e-07
5.000000000000000000e+02 7.435536979678290554e-05 7.420614408659058706e-05 1.492257101923220559e-07
5.010000000000000000e+02 7.416022901162973649e-05 7.401204645199873711e-05 1.481825596309931302e-07
5.020000000000000000e+02 7.396605832229971079e-05 7.381881355712679440e-05 1.472447651729134255e-07
5.030000000000000000e+02 7.377275191994516943e-05 7.362643994414086706e-05 1.463119758043040613e-07
5.040000000000000000e+02 7.358030429434601102e-05 7.343492013767264097e-05 1.453841566733695509e-07
5.050000000000000000e+02 7.338870998109738736e-05 7.324424870786299844e-05 1.444612732343950831e-07
5.060000000000000000e+02 7.319796356114006768e-05 7.305442026989558094e-05 1.435432912444857110e-07
5.070000000000000000e+02 7.300805966029607491e-05 7.286542948353573208e-05 1.426301767603446611e-07
5.080000000000000000e+02 7.281899294881046111e-05 7.267727105267536309e-05 1.417218961350940491e-07
5.090000000000000000e+02 7.263075814089815167e-05 7.248993972488302251e-05 1.408184160151333927e-07
5.100000000000000000e+02 7.244334999429668479e-05 7.230343029095964431e-05 1.399197033370384922e-07
5.110000000000000000e+02 7.225676330982414161e-05 7.211773758449964932e-05 1.390257253244987707e-07
5.120000000000000000e+02 7.207099293094252441e-05 7.193285648145723724e-05 1.381364494852927052e-07
5.130000000000000000e+02 7.188603374332625776e-05 7.174878189971796417e-05 1.372518436083000231e-07
5.140000000000000000e+02 7.170188067443598857e-05 7.156550879867544296e-05 1.363718757605517784e-07
5.150000000000000000e+02 7.151852869309764465e-05 7.138303217881332907e-05 1.354965142843173517e-07
5.160000000000000000e+02 7.133597280908611461e-05 7.120134708129188719e-05 1.346257277942252799e-07
5.170000000000000000e+02 7.115420807271436235e-05 7.102044858753993816e-05 1.337594851744218576e-07
5.180000000000000000e+02 7.097322957442719004e-05 7.084033181885142740e-05 1.328977555757636194e-07
5.190000000000000000e+02 7.079303244439988005e-05 7.066099193598683148e-05 1.320405084130438638e-07
5.200000000000000000e+02 7.061361185214167510e-05 7.048242413877941657e-05 1.311877133622542476e-07
5.210000000000000000e+02 7.043496300610390694e-05 7.030462366574602342e-05 1.303393403578788872e-07
5.220000000000000000e+02 7.025708115329273287e-05 7.012758579370251440e-05 1.294953595902216247e-07
5.230000000000000000e+02 7.007996157888661570e-05 6.995130583738385548e-05 1.286557415027665943e-07
5.240000000000000000e+02 6.990359960585807266e-05 6.977577914906850799e-05 1.278204567895696519e-07
5.250000000000000000e+02 6.972799059460007296e-05 6.960100111820738747e-05 1.269894763926819921e-07
5.260000000000000000e+02 6.955312994255670423e-05 6.942696717105710524e-05 1.261627714996056874e-07
5.270000000000000000e+02 6.937901308385837924e-05 6.925367277031760089e-05 1.253403135407792184e-07
5.280000000000000000e+02 6.920563548896095912e-05 6.908111341477386768e-05 1.245220741870927023e-07
5.290000000000000000e+02 6.903299266428945748e-05 6.890928463894202831e-05 1.237080253474344355e-07
5.300000000000000000e+02 6.886108015188568824e-05 6.873818201271942219e-05 1.228981391662661563e-07
5.310000000000000000e+02 6.868989352906004699e-05 6.856780114103882629e-05 1.220923880212272911e-07
5.320000000000000000e+02 6.851942840804743943e-05 6.839813766352667395e-05 1.212907445207682654e-07
5.330000000000000000e+02 6.834968043566707230e-05 6.822918725416525813e-05 1.204931815018120573e-07
5.340000000000000000e+02 6.818074510221683836e-05 6.806096823314778744e-05 1.197768690690507106e-07
5.350000000000000000e+02 6.801251775394572680e-05 6.789345360322359476e-05 1.190641507221283189e-07
5.360000000000000000e+02 6.784499414325041060e-05 6.772663914032129716e-05 1.183550029291176634e-07
5.370000000000000000e+02 6.767817005575787147e-05 6.756052065340543652e-05 1.176494023524413163e-07
5.380000000000000000e+02 6.751204131000461146e-05 6.739509398415768340e-05 1.169473258469230937e-07
5.390000000000000000e+02 6.734660375711963229e-05 6.723035500666176792e-05 1.162487504578629621e-07
5.400000000000000000e+02 6.718185328051130422e-05 6.706629962709216466e-05 1.155536534191356876e-07
5.410000000000000000e+02 6.701778579555743326e-05 6.690292378340612501e-05 1.148620121513103562e-07
5.420000000000000000e+02 6.685439724929904189e-05 6.674022344503924677e-05 1.141738042597923148e-07
5.430000000000000000e+02 6.669168362013778171e-05 6.657819461260479777e-05 1.134890075329890535e-07
5.440000000000000000e+02 6.652964091753649039e-05 6.641683331759599398e-05 1.128075999404933595e-07
5.450000000000000000e+02 6.636826518172334001e-05 6.625613562209204516e-05 1.121295596312916709e-07
5.460000000000000000e+02 6.620755248339933285e-05 6.609609761846734475e-05 1.114548649319912758e-07
5.470000000000000000e+02 6.604749892344904982e-05 6.593671542910398012e-05 1.107834943450686086e-07
5.480000000000000000e+02 6.588810063265461078e-05 6.577798520610746830e-05 1.101154265471373594e-07
5.490000000000000000e+02 6.572935377141305021e-05 6.561990313102581210e-05 1.094506403872382605e-07
5.500000000000000000e+02 6.557125452945657942e-05 6.546246541457142933e-05 1.087891148851462656e-07
5.510000000000000000e+02 6.541379912557629124e-05 6.530566829634659222e-05 1.081308292296992738e-07
5.520000000000000000e+02 6.525698380734881905e-05 6.514950804457167205e-05 1.074757627771462565e-07
5.530000000000000000e+02 6.510080485086593681e-05 6.499398095581641974e-05 1.068238950495114519e-07
5.540000000000000000e+02 6.494525856046745225e-05 6.483908335473447177e-05 1.061752057329818919e-07
5.550000000000000000e+02 6.479034126847679710e-05 6.468481159380048539e-05 1.055296746763094479e-07
5.560000000000000000e+02 6.463604933493974792e-05 6.453116205305051286e-05 1.048872818892332057e-07
5.570000000000000000e+02 6.448237914736599293e-05 6.437813113982507264e-05 1.042480075409196147e-07
5.580000000000000000e+02 6.432932712047353138e-05 6.422571528851510727e-05 1.036118319584203977e-07
5.590000000000000000e+02 6.417688969593589180e-05 6.407391096031074659e-05 1.029787356251470850e-07
5.600000000000000000e+02 6.402506334213229114e-05 6.392271464295293064e-05 1.023486991793647642e-07
5.610000000000000000e+02 6.387384455390030121e-05 6.377212285048759386e-05 1.017217034127010248e-07
5.620000000000000000e+02 6.372322985229140167e-05 6.362213212302272251e-05 1.010977292686730997e-07
5.630000000000000000e+02 6.357321578432927078e-05 6.347273902648804128e-05 1.004767578412310220e-07
5.640000000000000000e+02 6.342379892277056968e-05 6.332394015239724771e-05 9.985877037331776134e-08
5.650000000000000000e+02 6.327497586586841019e-05 6.317573211761297076e-05 9.924374825544472627e-08
5.660000000000000000e+02 6.312674323713846525e-05 6.302811156411418229e-05 9.863167302428418084e-08
5.670000000000000000e+02 6.297909768512753245e-05 6.288107515876625137e-05 9.802252636127706651e-08
5.680000000000000000e+02 6.283203588318465893e-05 6.273461959309339735e-05 9.741629009125600453e-08
5.690000000000000000e+02 6.268575781570221274e-05 6.258888603052778716e-05 9.687178517442340325e-08
5.700000000000000000e+02 6.254005584887398152e-05 6.244372600373732378e-05 9.632984513665386014e-08
5.710000000000000000e+02 6.239492673597411972e-05 6.229913628176177588e-05 9.579045421233951840e-08
5.720000000000000000e+02 6.225036725413364775e-05 6.215511365737552067e-05 9.525359675812063076e-08
5.730000000000000000e+02 6.210637420412411290e-05 6.201165494687238403e-05 9.471925725173520931e-08
5.740000000000000000e+02 6.196294441014390674e-05 6.186875698985302844e-05 9.418742029088206908e-08
5.750000000000000000e+02 6.182007471960654745e-05 6.172641664901445512e-05 9.365807059209494918e-08
5.760000000000000000e+02 6.167776200293136112e-05 6.158463080994172883e-05 9.313119298963006738e-08
5.770000000000000000e+02 6.153600315333646682e-05 6.144339638090210137e-05 9.260677243436594341e-08
5.780000000000000000e+02 6.139479508663395733e-05 6.130271029264123585e-05 9.208479399271494843e-08
5.790000000000000000e+02 6.125413474102711262e-05 6.116256949818157213e-05 9.156524284554701727e-08
5.800000000000000000e+02 6.111401907691010708e-05 6.102297097262298275e-05 9.104810428712535157e-08
5.810000000000000000e+02 6.097444507666939723e-05 6.088391171294534645e-05 9.053336372405316076e-08
5.820000000000000000e+02 6.083540974448761664e-05 6.074538873781338503e-05 9.002100667423246005e-08
5.830000000000000000e+02 6.069691010614946988e-05 6.060739908738363468e-05 8.951101876583507098e-08
5.840000000000000000e+02 6.055894320884937470e-05 6.046993982311309109e-05 8.900338573628206586e-08
5.850000000000000000e+02 6.042150612100163860e-05 6.033300802757040243e-05 8.849809343123779696e-08
5.860000000000000000e+02 6.028459593205223450e-05 6.019660080424862084e-05 8.799512780361260795e-08
5.870000000000000000e+02 6.014820975229267716e-05 6.006071527738010199e-05 8.749447491257618603e-08
5.880000000000000000e+02 6.001234471267601371e-05 5.992534859175343084e-05 8.699612092258416229e-08
5.890000000000000000e+02 5.987699796463451506e-05 5.979049791253210230e-05 8.650005210241151477e-08
5.900000000000000000e+02 5.974216667989942054e-05 5.965616042507522135e-05 8.600625482419959018e-08
5.910000000000000000e+02 5.960784805032252561e-05 5.952233333476001232e-05 8.551471556251137105e-08
5.920000000000000000e+02 5.947403928769965346e-05 5.938901386680625274e-05 8.502542089339870714e-08
5.930000000000000000e+02 5.934073762359590192e-05 5.925619926610242825e-05 8.453835749347689223e-08
5.940000000000000000e+02 5.920794030917286908e-05 5.912388679703385944e-05 8.405351213901251554e-08
5.950000000000000000e+02 5.907564461501745777e-05 5.899207374331244151e-05 8.357087170501808936e-08
5.960000000000000000e+02 5.894384783097263836e-05 5.886075740780828116e-05 8.309042316435827051e-08
5.970000000000000000e+02 5.881254726596986501e-05 5.872993511238300057e-05 8.261215358686464469e-08
5.980000000000000000e+02 5.868174024786326727e-05 5.859960419772480985e-05 8.213605013846051648e-08
5.990000000000000000e+02 5.855142412326554927e-05 5.846976202318525335e-05 8.166210008029423584e-08
6.000000000000000000e+02 5.842159625738556952e-05 5.834040596661768386e-05 8.119029076788301979e-08
6.010000000000000000e+02 5.829225403386761466e-05 5.821153342421734955e-05 8.072060965026442397e-08
6.020000000000000000e+02 5.816339485463228604e-05 5.808314181036312754e-05 8.025304426915764766e-08
6.030000000000000000e+02 5.803501613971906681e-05 5.795522855746093127e-05 7.978758225813325620e-08
6.040000000000000000e+02 5.790711532713045423e-05 5.782779111578866281e-05 7.932421134179255166e-08
6.050000000000000000e+02 5.777968987267774557e-05 5.770082695334279141e-05 7.886291933495390504e-08
6.060000000000000000e+02 5.765282432787817700e-05 5.757437582464037818e-05 7.844850323779711516e-08
6.070000000000000000e+02 5.752642867540316932e-05 5.744839275485687902e-05 7.803592054628958384e-08
6.080000000000000000e+02 5.740050042617459217e-05 5.732287526549861275e-05 7.762516067598206169e-08
6.090000000000000000e+02 5.727503710830230099e-05 5.719782089518278366e-05 7.721621311951563395e-08
6.100000000000000000e+02 5.715003626693767485e-05 5.707322719949173761e-05 7.680906744594030899e-08
6.110000000000000000e+02 5.702549546412888901e-05 5.694909175082885127e-05 7.640371330004092563e-08
6.120000000000000000e+02 5.690141227867734624e-05 5.682541213827567488e-05 7.600014040166949270e-08
6.130000000000000000e+02 5.677778430599569371e-05 5.670218596745060655e-05 7.559833854508472829e-08
6.140000000000000000e+02 5.665460915796735115e-05 5.657941086036905048e-05 7.519829759829883856e-08
6.150000000000000000e+02 5.653188446280723819e-05 5.645708445530480849e-05 7.480000750243005367e-08
6.160000000000000000e+02 5.640960786492417564e-05 5.633520440665311141e-05 7.440345827106302529e-08
6.170000000000000000e+02 5.628777702478437761e-05 5.621376838479476176e-05 7.400863998961490182e-08
6.180000000000000000e+02 5.616638961877660390e-05 5.609277407596189598e-05 7.361554281470890785e-08
6.190000000000000000e+02 5.604544333907832197e-05 5.597221918210476988e-05 7.322415697355251607e-08
6.200000000000000000e+02 5.592493589352357663e-05 5.585210142076025164e-05 7.283447276332475129e-08
6.210000000000000000e+02 5.580486500547186931e-05 5.573241852492130427e-05 7.244648055056730611e-08
6.220000000000000000e+02 5.568522841367852815e-05 5.561316824290794516e-05 7.206017077058300193e-08
6.230000000000000000e+02 5.556602387216626388e-05 5.549434833823942544e-05 7.167553392684036450e-08
6.240000000000000000e+02 5.544724915009806754e-05 5.537595658950768328e-05 7.129256059038423459e-08
6.250000000000000000e+02 5.532890203165132773e-05 5.525799079025207785e-05 7.091124139925233429e-08
6.260000000000000000e+02 5.521098031589315419e-05 5.514044874883525498e-05 7.053156705789718033e-08
6.270000000000000000e+02 5.509348181665707690e-05 5.502332828832046287e-05 7.015352833661522352e-08
6.280000000000000000e+02 5.497640436242080906e-05 5.490662724634983008e-05 6.977711607098068665e-08
6.290000000000000000e+02 5.485974579618520269e-05 5.479034347502391748e-05 6.940232116128488163e-08
6.300000000000000000e+02 5.474350397535458659e-05 5.467447484078260503e-05 6.902913457198281906e-08
6.310000000000000000e+02 5.462767677161807332e-05 5.455901922428692735e-05 6.865754733114329850e-08
6.320000000000000000e+02 5.451226207083204522e-05 5.444397452030214248e-05 6.828755052990582806e-08
6.330000000000000000e+02 5.439725777290400926e-05 5.432933863758206784e-05 6.791913532194356576e-08
6.340000000000000000e+02 5.428266179167725826e-05 5.421510949875433101e-05 6.755229292292933149e-08
6.350000000000000000e+02 5.416847205481694158e-05 5.410128504020693505e-05 6.718701461000986419e-08
6.360000000000000000e+02 5.405468650369704377e-05 5.398786321197575897e-05 6.682329172128320254e-08
6.370000000000000000e+02 5.394130309328860342e-05 5.387484197763331862e-05 6.646111565528233899e-08
6.380000000000000000e+02 5.382831979204889404e-05 5.376221931417842875e-05 6.610047787046337360e-08
6.390000000000000000e+02 5.371573458181179775e-05 5.364999321192709842e-05 6.574136988469962364e-08
6.400000000000000000e+02 5.360354545767914784e-05 5.353816167440436825e-05 6.538378327477990215e-08
6.410000000000000000e+02 5.349175042791318272e-05 5.342672271823727261e-05 6.502770967591238158e-08
6.420000000000000000e+02 5.338034751382996884e-05 5.331567437304873683e-05 6.467314078123297064e-08
6.430000000000000000e+02 5.326933474969392136e-05 5.320501468135259936e-05 6.432006834131897176e-08
6.440000000000000000e+02 5.315871018261325321e-05 5.309474169844954867e-05 6.396848416370692086e-08
6.450000000000000000e+02 5.304866087836162267e-05 5.298500829716964799e-05 6.365258119197441556e-08
6.460000000000000000e+02 5.293899502599043569e-05 5.287565703451139689e-05 6.333799147903775109e-08
6.470000000000000000e+02 5.282971071549427428e-05 5.276668600759413743e-05 6.302470790013600313e-08
6.480000000000000000e+02 5.272080604926866905e-05 5.265809332588939148e-05 6.271272337927861774e-08
6.490000000000000000e+02 5.261227914201063721e-05 5.254987711112179855e-05 6.240203088883936497e-08
6.500000000000000000e+02 5.250412812062054194e-05 5.244203549717138849e-05 6.209262344915628781e-08
6.510000000000000000e+02 5.239635112410454129e-05 5.233456662997640991e-05 6.178449412813321292e-08
6.520000000000000000e+02 5.228894630347806033e-05 5.222746866743721561e-05 6.147763604084681998e-08
6.530000000000000000e+02 5.218191182167036780e-05 5.212073977932121197e-05 6.117204234915733742e-08
6.540000000000000000e+02 5.207524585342974228e-05 5.201437814716841813e-05 6.086770626132188507e-08
6.550000000000000000e+02 5.196894658522977682e-05 5.190838196419816366e-05 6.056462103161316382e-08
6.560000000000000000e+02 5.186301221517644247e-05 5.180274943521650442e-05 6.026277995994048770e-08
6.570000000000000000e+02 5.175744095291610729e-05 5.169747877652463463e-05 5.996217639147547482e-08
6.580000000000000000e+02 5.165223101954436846e-05 5.159256821582808490e-05 5.966280371628070274e-08
6.590000000000000000e+02 5.154738064751571120e-05 5.148801599214676734e-05 5.936465536894250652e-08
6.600000000000000000e+02 5.144288808055412303e-05 5.138382035572591517e-05 5.906772482820663543e-08
6.610000000000000000e+02 5.133875157356444671e-05 5.127997956794782858e-05 5.877200561661801905e-08
6.620000000000000000e+02 5.123496939254455984e-05 5.117649190124439325e-05 5.847749130016361722e-08
6.630000000000000000e+02 5.113153981449850320e-05 5.107335563901058129e-05 5.818417548791929328e-08
6.640000000000000000e+02 5.102846112735021886e-05 5.097056907551852147e-05 5.789205183169904982e-08
6.650000000000000000e+02 5.092573162985826419e-05 5.086813051583255875e-05 5.760111402570847966e-08
6.660000000000000000e+02 5.082334963153124405e-05 5.076603827572504564e-05 5.731135580620147271e-08
6.670000000000000000e+02 5.072131345254400874e-05 5.066429068159287221e-05 5.702277095113970211e-08
6.680000000000000000e+02 5.061962142365467867e-05 5.056288607037482275e-05 5.673535327985554475e-08
6.690000000000000000e+02 5.051827188612237373e-05 5.046182278946965754e-05 5.644909665271858861e-08
6.700000000000000000e+02 5.041726319162585069e-05 5.036109919665504841e-05 5.616399497080527000e-08
6.710000000000000000e+02 5.031659370218262851e-05 5.026071366000705638e-05 5.588004217557048287e-08
6.720000000000000000e+02 5.021626179006913684e-05 5.016066455782061223e-05 5.559723224852429016e-08
6.730000000000000000e+02 5.011626583774140664e-05 5.006095027853049847e-05 5.531555921090985939e-08
6.740000000000000000e+02 5.001660423775660779e-05 4.996156922063321905e-05 5.503501712338563996e-08
6.750000000000000000e+02 4.991727539269518311e-05 4.986251979260947209e-05 5.475560008570983685e-08
6.760000000000000000e+02 4.981827771508387672e-05 4.976380041284744939e-05 5.447730223642848403e-08
6.770000000000000000e+02 4.971960962731925715e-05 4.966540950956669151e-05 5.420011775256566868e-08
6.780000000000000000e+02 4.962126956159208069e-05 4.956734552074276289e-05 5.392404084931734862e-08
6.790000000000000000e+02 4.952325595981231884e-05 4.946960689403257058e-05 5.364906577974767778e-08
6.800000000000000000e+02 4.942556727353484972e-05 4.937219208670036072e-05 5.337518683448860063e-08
6.810000000000000000e+02 4.932820196388576630e-05 4.927509956554432480e-05 5.310239834144129296e-08
6.820000000000000000e+02 4.923115850148949085e-05 4.917832780682401231e-05 5.283069466548169217e-08
6.830000000000000000e+02 4.913443536639651286e-05 4.908187529618834654e-05 5.256007020816797315e-08
6.840000000000000000e+02 4.903803104801157426e-05 4.898574052860412141e-05 5.229051940745056518e-08
6.850000000000000000e+02 4.894194404502282350e-05 4.888992200828544025e-05 5.202203673738534531e-08
6.860000000000000000e+02 4.884617286533145090e-05 4.879441824862360179e-05 5.175461670784988226e-08
6.870000000000000000e+02 4.875088630943472486e-05 4.869937193205574685e-05 5.151437737897636277e-08
6.880000000000000000e+02 4.865591187766327771e-05 4.860463680172962447e-05 5.127507593365337695e-08
6.890000000000000000e+02 4.856124810909106377e-05 4.851021140149760000e-05 5.103670759346314410e-08
6.900000000000000000e+02 4.846689355170390818e-05 4.841609428409319955e-05 5.079926761070741932e-08
6.910000000000000000e+02 4.837284676233238125e-05 4.832228401106421477e-05 5.056275126816728688e-08
6.920000000000000000e+02 4.827910630658546553e-05 4.822877915270660034e-05 5.032715387886648730e-08
6.930000000000000000e+02 4.818567075878452799e-05 4.813557828799869005e-05 5.009247078583496282e-08
6.940000000000000000e+02 4.809253870189828141e-05 4.804268000453640211e-05 4.985869736187667110e-08
6.950000000000000000e+02 4.799970872747790163e-05 4.795008289846856657e-05 4.962582900933796143e-08
6.960000000000000000e+02 4.790717943559303933e-05 4.785778557443316061e-05 4.939386115987859126e-08
6.970000000000000000e+02 4.781494943476823832e-05 4.776578664549399118e-05 4.916278927424526401e-08
6.980000000000000000e+02 4.772301734191993665e-05 4.767408473307789253e-05 4.893260884204651023e-08
6.990000000000000000e+02 4.763138178229411141e-05 4.758267846691258119e-05 4.870331538152993775e-08
7.000000000000000000e+02 4.754004138940437079e-05 4.749156648496501219e-05 4.847490443936173845e-08
7.010000000000000000e+02 4.744899480497061532e-05 4.740074743338020983e-05 4.824737159040773685e-08
7.020000000000000000e+02 4.735824067885833615e-05 4.731021996642081656e-05 4.802071243751695996e-08
7.030000000000000000e+02 4.726777766901826562e-05 4.721998274640696046e-05 4.779492261130640486e-08
7.040000000000000000e+02 4.717760444142676644e-05 4.713003444365682060e-05 4.756999776994882391e-08
7.050000000000000000e+02 4.708771967002658011e-05 4.704037373642761937e-05 4.734593359896110541e-08
7.060000000000000000e+02 4.699812203666818507e-05 4.695099931085719073e-05 4.712272581099606900e-08
7.070000000000000000e+02 4.690881023105161572e-05 4.686190986090598218e-05 4.690037014563450580e-08
7.080000000000000000e+02 4.681978295066885066e-05 4.677310408829966659e-05 4.667886236918076555e-08
7.090000000000000000e+02 4.673103890074662776e-05 4.668458070247216739e-05 4.645819827445855546e-08
7.100000000000000000e+02 4.664257679418982170e-05 4.659633842050921225e-05 4.623837368060991552e-08
7.110000000000000000e+02 4.655439535152532978e-05 4.650837596709243572e-05 4.601938443289532534e-08
7.120000000000000000e+02 4.646649330084630998e-05 4.642069207444381385e-05 4.580122640249531309e-08
7.130000000000000000e+02 4.637886937775709002e-05 4.633328548227077647e-05 4.558389548631487036e-08
7.140000000000000000e+02 4.629152232531845570e-05 4.624615493771166503e-05 4.536738760678844927e-08
7.150000000000000000e+02 4.620445089399334603e-05 4.615929919528165802e-05 4.515169871168742131e-08
7.160000000000000000e+02 4.611765384159319871e-05 4.607271701681927239e-05 4.493682477392905154e-08
7.170000000000000000e+02 4.603112993322460063e-05 4.598640717143321049e-05 4.472276179138722641e-08
7.180000000000000000e+02 4.594487794123642622e-05 4.590036843544972211e-05 4.450950578670454485e-08
7.190000000000000000e+02 4.585889664516750439e-05 4.581459959236040011e-05 4.429705280710656655e-08
7.200000000000000000e+02 4.577318483169471236e-05 4.572909943277049787e-05 4.408539892421750953e-08
7.210000000000000000e+02 4.568774129458140146e-05 4.564386675434752456e-05 4.387454023387723804e-08
7.220000000000000000e+02 4.560256483462644646e-05 4.555890036177048411e-05 4.366447285596046078e-08
7.230000000000000000e+02 4.551765425961353201e-05 4.547419906667933792e-05 4.345519293419687534e-08
7.240000000000000000e+02 4.543300838426116411e-05 4.538976168762517212e-05 4.324669663599378759e-08
7.250000000000000000e+02 4.534862603017269519e-05 4.530558705002043953e-05 4.303898015225902885e-08
7.260000000000000000e+02 4.526450602578722330e-05 4.522167398608999437e-05 4.283203969722683770e-08
7.270000000000000000e+02 4.518064720633048454e-05 4.513802133482220150e-05 4.262587150828399983e-08
7.280000000000000000e+02 4.509704841376659248e-05 4.505462794192079107e-05 4.242047184579846946e-08
7.290000000000000000e+02 4.501370849674975731e-05 4.497149265975680806e-05 4.221583699294885764e-08
7.300000000000000000e+02 4.493062631057677067e-05 4.488861434732121229e-05 4.201196325555580652e-08
7.310000000000000000e+02 4.484797445390341174e-05 4.480614576642377706e-05 4.182868747963277004e-08
7.320000000000000000e+02 4.476557734653261795e-05 4.472393126232963281e-05 4.164608420298654374e-08
7.330000000000000000e+02 4.468343386696705798e-05 4.464196971676211823e-05 4.146415020494170749e-08
7.340000000000000000e+02 4.460154290014318497e-05 4.456026001785889500e-05 4.128288228428689729e-08
7.350000000000000000e+02 4.451990333738576775e-05 4.447880106012663495e-05 4.110227725913190150e-08
7.360000000000000000e+02 4.443851407636278131e-05 4.439759174439601209e-05 4.092233196676624612e-08
7.370000000000000000e+02 4.435737402104059530e-05 4.431663097777707418e-05 4.074304326351891153e-08
7.380000000000000000e+02 4.427648208163958277e-05 4.423591767361496657e-05 4.056440802461872425e-08
7.390000000000000000e+02 4.419583717459020321e-05 4.415545075144614403e-05 4.038642314405705821e-08
7.400000000000000000e+02 4.411543822248924142e-05 4.407522913695479256e-05 4.020908553445052938e-08
7.410000000000000000e+02 4.403528415405661561e-05 4.399525176192971206e-05 4.003239212690580138e-08
7.420000000000000000e+02 4.395537390409242945e-05 4.391551756422154454e-05 3.985633987088489399e-08
7.430000000000000000e+02 4.387570641343441035e-05 4.383602548770034114e-05 3.968092573407213281e-08
7.440000000000000000e+02 4.379628062891574076e-05 4.375677448221350189e-05 3.950614670224185993e-08
7.450000000000000000e+02 4.371709550332314025e-05 4.367776350354401360e-05 3.933199977912739527e-08
7.460000000000000000e+02 4.363814999535544216e-05 4.359899151336914849e-05 3.915848198629149348e-08
7.470000000000000000e+02 4.355944306958231939e-05 4.352045747921932554e-05 3.898559036299697953e-08
7.480000000000000000e+02 4.348097369640361329e-05 4.344216037443753421e-05 3.881332196607970696e-08
7.490000000000000000e+02 4.340274085200874381e-05 4.336409917813892080e-05 3.864167386982164195e-08
7.500000000000000000e+02 4.332474351833655340e-05 4.328627287517072716e-05 3.847064316582513186e-08
7.510000000000000000e+02 4.324698068303555062e-05 4.320868045607266316e-05 3.830022696288896706e-08
7.520000000000000000e+02 4.316945133942439101e-05 4.313132091703750942e-05 3.813042238688448919e-08
7.530000000000000000e+02 4.309215448645274416e-05 4.305419325987211318e-05 3.796122658063367793e-08
7.540000000000000000e+02 4.301508912866236408e-05 4.297729649195857388e-05 3.779263670378735032e-08
7.550000000000000000e+02 4.293825427614864066e-05 4.290062962621593687e-05 3.762464993270531884e-08
7.560000000000000000e+02 4.286164894452241543e-05 4.282419168106207702e-05 3.745726346033671490e-08
7.570000000000000000e+02 4.278527215487197354e-05 4.274798168037587353e-05 3.729047449610207261e-08
7.580000000000000000e+02 4.270912293372555740e-05 4.267199865345978470e-05 3.712428026577555811e-08
7.590000000000000000e+02 4.263320031301405663e-05 4.259624163500268685e-05 3.695867801136921722e-08
7.600000000000000000e+02 4.255750333003403672e-05 4.252070966504301823e-05 3.679366499101732234e-08
7.610000000000000000e+02 4.248203102741103206e-05 4.244540178893216689e-05 3.662923847886194362e-08
7.620000000000000000e+02 4.240678245306319803e-05 4.237031705729825832e-05 3.646539576493972447e-08
7.630000000000000000e+02 4.233175666016524095e-05 4.229545452601017348e-05 3.630213415506941145e-08
7.640000000000000000e+02 4.225695270711259875e-05 4.222081325614185821e-05 3.613945097074007241e-08
7.650000000000000000e+02 4.218236965748595370e-05 4.214639231393695117e-05 3.597734354900090940e-08
7.660000000000000000e+02 4.210800658001601614e-05 4.207219077077366243e-05 3.581580924235120395e-08
7.670000000000000000e+02 4.203386254854860640e-05 4.199820770312997738e-05 3.565484541863172482e-08
7.680000000000000000e+02 4.195993664201000780e-05 4.192444219254909101e-05 3.549444946091686360e-08
7.690000000000000000e+02 4.188622794437259060e-05 4.185089332560518096e-05 3.533461876740765053e-08
7.700000000000000000e+02 4.181273554462072066e-05 4.177756019386939752e-05 3.517535075132573639e-08
7.710000000000000000e+02 4.173945853671693235e-05 4.170444189387612457e-05 3.501664284080783100e-08
7.720000000000000000e+02 4.166639601956840632e-05 4.163153752708960648e-05 3.485849247880182923e-08
7.730000000000000000e+02 4.159354709699369809e-05 4.155884619987073767e-05 3.470089712296316854e-08
7.740000000000000000e+02 4.152091087768971053e-05 4.148636702344415706e-05 3.454385424555207334e-08
7.750000000000000000e+02 4.144848647519891027e-05 4.141409911386557968e-05 3.438736133333182496e-08
7.760000000000000000e+02 4.137627300787692365e-05 4.134204159198945361e-05 3.423141588746789194e-08
7.770000000000000000e+02 4.130426959886025458e-05 4.127019358343682689e-05 3.407601542342776183e-08
7.780000000000000000e+02 4.123262051243141636e-05 4.119868403195601743e-05 3.393648047539879121e-08
7.790000000000000000e+02 4.116117918598203906e-05 4.112738175939705844e-05 3.379742658497903054e-08
7.800000000000000000e+02 4.108994475942686530e-05 4.105628590783962740e-05 3.365885158723496485e-08
7.810000000000000000e+02 4.101891637731992519e-05 4.098539562399039721e-05 3.352075332952913883e-08
7.820000000000000000e+02 4.094809318882358922e-05 4.091471005915215672e-05 3.338312967143540721e-08
7.830000000000000000e+02 4.087747434767800050e-05 4.084422836919334468e-05 3.324597848465487334e-08
7.840000000000000000e+02 4.080705901217069676e-05 4.077394971451776660e-05 3.310929765293233737e-08
7.850000000000000000e+02 4.073684634510650344e-05 4.070387326003452848e-05 3.297308507197375022e-08
7.860000000000000000e+02 4.066683551377755547e-05 4.063399817512819412e-05 3.283733864936396536e-08
7.870000000000000000e+02 4.059702568993375278e-05 4.056432363362926776e-05 3.270205630448546332e-08
7.880000000000000000e+02 4.052741604975322256e-05 4.049484881378478506e-05 3.256723596843740719e-08
7.890000000000000000e+02 4.045800577381318812e-05 4.042557289822922939e-05 3.243287558395581627e-08
7.900000000000000000e+02 4.038879404706093934e-05 4.035649507395560394e-05 3.229897310533370023e-08
7.910000000000000000e+02 4.031978005878521655e-05 4.028761453228687660e-05 3.216552649834273495e-08
7.920000000000000000e+02 4.025096300258754011e-05 4.021893046884738405e-05 3.203253374015473337e-08
7.930000000000000000e+02 4.018234207635400766e-05 4.015044208353474423e-05 3.189999281926414191e-08
7.940000000000000000e+02 4.011391648222717936e-05 4.008214858049176865e-05 3.176790173541105980e-08
7.950000000000000000e+02 4.004568542657828845e-05 4.001404916807878141e-05 3.163625849950527738e-08
7.960000000000000000e+02 3.997764811997951278e-05 3.994614305884596525e-05 3.150506113355002990e-08
7.970000000000000000e+02 3.990980377717661900e-05 3.987842946950605319e-05 3.137430767056723368e-08
7.980000000000000000e+02 3.984215161706174238e-05 3.981090762090721673e-05 3.124399615452291406e-08
7.990000000000000000e+02 3.977469086264634945e-05 3.974357673800609631e-05 3.111412464025332827e-08
8.000000000000000000e+02 3.970742074103448535e-05 3.967643604984109602e-05 3.098469119339144565e-08
8.010000000000000000e+02 3.964034048339618374e-05 3.960948478950588849e-05 3.085569389029440716e-08
8.020000000000000000e+02 3.957344932494108686e-05 3.954272219412311611e-05 3.072713081797145483e-08
8.030000000000000000e+02 3.950674650489227553e-05 3.947614750481826185e-05 3.059900007401200010e-08
8.040000000000000000e+02 3.944023126646026869e-05 3.940975996669375710e-05 3.047129976651482383e-08
8.050000000000000000e+02 3.937390285681731421e-05 3.934355882880329964e-05 3.034402801401766001e-08
8.060000000000000000e+02 3.930776052707174754e-05 3.927754334412632070e-05 3.021718294542719646e-08
8.070000000000000000e+02 3.924180353224263491e-05 3.921171276954268237e-05 3.009076269994957181e-08
8.080000000000000000e+02 3.917603113123461307e-05 3.914606636580759188e-05 2.996476542702201727e-08
8.090000000000000000e+02 3.911044258681288489e-05 3.908060339752663785e-05 2.983918928624402199e-08
8.100000000000000000e+02 3.904503716557838433e-05 3.901532313313107726e-05 2.971403244731003033e-08
8.110000000000000000e+02 3.897981413794323284e-05 3.895022484485329180e-05 2.958929308994204648e-08
8.120000000000000000e+02 3.891477277810629059e-05 3.888530780870246787e-05 2.946496940382312918e-08
8.130000000000000000e+02 3.884991236402887709e-05 3.882057130444034436e-05 2.934105958853099882e-08
8.140000000000000000e+02 3.878523217741076294e-05 3.875601461555729240e-05 2.921756185347252483e-08
8.150000000000000000e+02 3.872073150366631058e-05 3.869163702924849005e-05 2.909447441781868603e-08
8.160000000000000000e+02 3.865640963190076411e-05 3.862743783639032731e-05 2.897179551043996128e-08
8.170000000000000000e+02 3.859226585488674928e-05 3.856341633151690610e-05 2.884952336984199132e-08
8.180000000000000000e+02 3.852829946904093598e-05 3.849957181279683148e-05 2.872765624410233921e-08
8.190000000000000000e+02 3.846450977440084312e-05 3.843590358201003689e-05 2.860619239080690325e-08
8.200000000000000000e+02 3.840089607460201614e-05 3.837241094452502945e-05 2.848513007698794463e-08
8.210000000000000000e+02 3.833745767685501488e-05 3.830909320927595226e-05 2.836446757906121178e-08
8.220000000000000000e+02 3.827419389192290275e-05 3.824594968874013470e-05 2.824420318276485144e-08
8.230000000000000000e+02 3.821110403409877672e-05 3.818297969891567650e-05 2.812433518309799873e-08
8.240000000000000000e+02 3.814818742118343271e-05 3.812018255929917421e-05 2.800486188426010848e-08
8.250000000000000000e+02 3.808544337446330885e-05 3.805755759286371862e-05 2.788578159959078934e-08
8.260000000000000000e+02 3.802287121868840844e-05 3.799510412603689905e-05 2.776709265150979686e-08
8.270000000000000000e+02 3.796047028205060911e-05 3.793282148867915316e-05 2.764879337145799262e-08
8.280000000000000000e+02 3.789823989616201944e-05 3.787070901406217781e-05 2.753088209983840593e-08
8.290000000000000000e+02 3.783633169760624589e-05 3.780890661098480017e-05 2.742508662144406864e-08
8.300000000000000000e+02 3.777459217282169138e-05 3.774727253934978804e-05 2.731963347190621646e-08
8.310000000000000000e+02 3.771302066598084500e-05 3.768580614477568517e-05 2.721452120515809522e-08
8.320000000000000000e+02 3.765161652457828619e-05 3.762450677619544136e-05 2.710974838284299206e-08
8.330000000000000000e+02 3.759037909940979348e-05 3.756337378583552800e-05 2.700531357426386011e-08
8.340000000000000000e+02 3.752930774455184631e-05 3.750240652919551441e-05 2.690121535633417075e-08
8.350000000000000000e+02 3.746840181734116749e-05 3.744160436502763742e-05 2.679745231352851767e-08
8.360000000000000000e+02 3.740766067835431984e-05 3.738096665531648614e-05 2.669402303783383970e-08
8.370000000000000000e+02 3.734708369138775694e-05 3.732049276525905261e-05 2.659092612870127892e-08
8.380000000000000000e+02 3.728667022343768399e-05 3.726018206324468763e-05 2.648816019299782691e-08
8.390000000000000000e+02 3.722641964468024410e-05 3.720003392083528695e-05 2.638572384495875866e-08
8.400000000000000000e+02 3.716633132845183316e-05 3.714004771274569437e-05 2.628361570614035084e-08
8.410000000000000000e+02 3.710640465122956393e-05 3.708022281682419279e-05 2.618183440537292117e-08
8.420000000000000000e+02 3.704663899261181138e-05 3.702055861403309706e-05 2.608037857871423163e-08
8.430000000000000000e+02 3.698703373529895453e-05 3.696105448842955003e-05 2.597924686940309026e-08
8.440000000000000000e+02 3.692758826507428773e-05 3.690170982714647446e-05 2.587843792781366766e-08
8.450000000000000000e+02 3.686830197078500644e-05 3.684252402037359948e-05 2.577795041140985973e-08
8.460000000000000000e+02 3.680917424432336249e-05 3.678349646133866329e-05 2.567778298470000783e-08
8.470000000000000000e+02 3.675020448060790733e-05 3.672462654628871735e-05 2.557793431919198951e-08
8.480000000000000000e+02 3.669139207756506063e-05 3.666591367447170858e-05 2.547840309334898747e-08
8.490000000000000000e+02 3.663273643611047553e-05 3.660735724811793270e-05 2.537918799254483507e-08
8.500000000000000000e+02 3.657423696013091893e-05 3.654895667242190094e-05 2.528028770902052645e-08
8.510000000000000000e+02 3.651589305646600267e-05 3.649071135552415932e-05 2.518170094184046865e-08
8.520000000000000000e+02 3.645770413489014513e-05 3.643262070849329770e-05 2.508342639684933252e-08
8.530000000000000000e+02 3.639966960809469542e-05 3.637468414530806718e-05 2.498546278662901617e-08
8.540000000000000000e+02 3.634178889167016607e-05 3.631690108283970765e-05 2.488780883045639924e-08
8.550000000000000000e+02 3.628406140408856046e-05 3.625927094083430236e-05 2.479046325426079930e-08
8.560000000000000000e+02 3.622648656668584947e-05 3.620179314189526807e-05 2.469342479058198417e-08
8.570000000000000000e+02 3.616906380364459710e-05 3.614446711146606880e-05 2.459669217852880962e-08
8.580000000000000000e+02 3.611179254197669457e-05 3.608729227781295670e-05 2.450026416373773787e-08
8.590000000000000000e+02 3.605467221150621636e-05 3.603026807200788230e-05 2.440413949833178299e-08
8.600000000000000000e+02 3.599770224485234404e-05 3.597339392791146576e-05 2.430831694087979043e-08
8.610000000000000000e+02 3.594088207741258145e-05 3.591666928215622560e-05 2.421279525635620297e-08
8.620000000000000000e+02 3.588421114734588181e-05 3.586009357412978040e-05 2.411757321610073403e-08
8.630000000000000000e+02 3.582768889555603911e-05 3.580366624595826043e-05 2.402264959777866627e-08
8.640000000000000000e+02 3.577131476567514044e-05 3.574738674248980073e-05 2.392802318534132230e-08
8.650000000000000000e+02 3.571508820404714038e-05 3.569125451127815610e-05 2.383369276898675045e-08
8.660000000000000000e+02 3.565900865971158437e-05 3.563526900256646512e-05 2.373965714512086380e-08
8.670000000000000000e+02 3.560307558438741344e-05 3.557942966927109561e-05 2.364591511631880426e-08
8.680000000000000000e+02 3.554728843245687063e-05 3.552373596696558483e-05 2.355246549128639263e-08
8.690000000000000000e+02 3.549164666094961737e-05 3.546818735386479660e-05 2.345930708482234628e-08
8.700000000000000000e+02 3.543614972952680931e-05 3.541278329080903097e-05 2.336643871778010645e-08
8.710000000000000000e+02 3.538079710046543633e-05 3.535752324124840490e-05 2.327385921703056548e-08
8.720000000000000000e+02 3.532558823864266265e-05 3.530240667122723979e-05 2.318156741542466829e-08
8.730000000000000000e+02 3.527052261152036332e-05 3.524743304936860480e-05 2.308956215175649373e-08
8.740000000000000000e+02 3.521559968912968121e-05 3.519260184685895504e-05 2.299784227072643833e-08
8.750000000000000000e+02 3.516081894405579387e-05 3.513791253743289180e-05 2.290640662290491308e-08
8.760000000000000000e+02 3.510617985142270090e-05 3.508336459735800401e-05 2.281525406469594080e-08
8.770000000000000000e+02 3.505168188887818737e-05 3.502895750541988595e-05 2.272438345830152789e-08
8.780000000000000000e+02 3.499732453657880088e-05 3.497469074290711425e-05 2.263379367168563225e-08
8.790000000000000000e+02 3.494310727717506572e-05 3.492056379359652986e-05 2.254348357853910414e-08
8.800000000000000000e+02 3.488902959579669031e-05 3.486657614373844544e-05 2.245345205824422325e-08
8.810000000000000000e+02 3.483509098003788302e-05 3.481272728204204257e-05 2.236369799584001999e-08
8.820000000000000000e+02 3.478129091994292552e-05 3.475901669966093824e-05 2.227422028198764971e-08
8.830000000000000000e+02 3.472776374879957029e-05 3.470556987038663199e-05 2.219387841293659295e-08
8.840000000000000000e+02 3.467437366318255621e-05 3.465225988255630433e-05 2.211378062624907613e-08
8.850000000000000000e+02 3.462112016229507123e-05 3.459908623634128832e-05 2.203392595378554842e-08
8.860000000000000000e+02 3.456800274772342031e-05 3.454604843429116866e-05 2.195431343225350575e-08
8.870000000000000000e+02 3.451502092342301214e-05 3.449314598131983622e-05 2.187494210317817225e-08
8.880000000000000000e+02 3.446217419570446781e-05 3.444037838469159662e-05 2.179581101287303937e-08
8.890000000000000000e+02 3.440946207321987171e-05 3.438774515400746189e-05 2.171691921241106016e-08
8.900000000000000000e+02 3.435688406694903613e-05 3.433524580119144210e-05 2.163826575759562182e-08
8.910000000000000000e+02 3.430443969018592831e-05 3.428287984047699956e-05 2.155984970893199475e-08
8.920000000000000000e+02 3.425212845852515866e-05 3.423064678839355735e-05 2.148167013159880475e-08
8.930000000000000000e+02 3.419994988984858403e-05 3.417854616375316356e-05 2.140372609542006439e-08
8.940000000000000000e+02 3.414790350431195170e-05 3.412657748763711499e-05 2.132601667483675437e-08
8.950000000000000000e+02 3.409598882433170601e-05 3.407474028338282476e-05 2.124854094887928836e-08
8.960000000000000000e+02 3.404420537457186275e-05 3.402303407657072373e-05 2.117129800113987191e-08
8.970000000000000000e+02 3.399255268193094448e-05 3.397145839501120273e-05 2.109428691974488787e-08
8.980000000000000000e+02 3.394103027552903792e-05 3.392001276873171049e-05 2.101750679732777148e-08
8.990000000000000000e+02 3.388963768669491899e-05 3.386869672996391939e-05 2.094095673100207073e-08
9.000000000000000000e+02 3.383837444895328639e-05 3.381750981313095226e-05 2.086463582233427517e-08
9.010000000000000000e+02 3.378724009801208994e-05 3.376645155483477172e-05 2.078854317731755786e-08
9.020000000000000000e+02 3.373623417174987933e-05 3.371552149384353565e-05 2.071267790634490194e-08
9.030000000000000000e+02 3.368535621020339675e-05 3.366471917107921022e-05 2.063703912418318007e-08
9.040000000000000000e+02 3.363460575555499339e-05 3.361404412960504733e-05 2.056162594994672772e-08
9.050000000000000000e+02 3.358398235212042539e-05 3.356349591461335347e-05 2.048643750707158470e-08
9.060000000000000000e+02 3.353348554633651425e-05 3.351307407341322467e-05 2.041147292328972357e-08
9.070000000000000000e+02 3.348311488674904444e-05 3.346277815541844411e-05 2.033673133060363202e-08
9.080000000000000000e+02 3.343286992400057287e-05 3.341260771213531191e-05 2.026221186526053129e-08
9.090000000000000000e+02 3.338275021081852305e-05 3.336256229715079351e-05 2.018791366772773614e-08
9.100000000000000000e+02 3.333275530200317073e-05 3.331264146612050530e-05 2.011383588266709163e-08
9.110000000000000000e+02 3.328288475441586674e-05 3.326284477675695782e-05 2.003997765891048198e-08
9.120000000000000000e+02 3.323313812696722602e-05 3.321317178881779216e-05 1.996633814943501845e-08
9.130000000000000000e+02 3.318351498060547242e-05 3.316362206409413161e-05 1.989291651133851509e-08
9.140000000000000000e+02 3.313401487830479027e-05 3.311419516639897383e-05 1.981971190581521597e-08
9.150000000000000000e+02 3.308463738505385899e-05 3.306489066155572550e-05 1.974672349813159184e-08
9.160000000000000000e+02 3.303538206784434697e-05 3.301570811738674361e-05 1.967395045760236846e-08
9.170000000000000000e+02 3.298624849565958165e-05 3.296664710370201233e-05 1.960139195756663763e-08
9.180000000000000000e+02 3.293723623946319932e-05 3.291770719228783343e-05 1.952904717536426927e-08
9.190000000000000000e+02 3.288834487218800489e-05 3.286888795689569290e-05 1.945691529231241294e-08
9.200000000000000000e+02 3.283957396872473687e-05 3.282018897323105296e-05 1.938499549368198597e-08
9.210000000000000000e+02 3.279092310591109660e-05 3.277160981894242201e-05 1.931328696867481359e-08
9.220000000000000000e+02 3.274239186252064196e-05 3.272315007361024149e-05 1.924178891040025936e-08
9.230000000000000000e+02 3.269397981925199276e-05 3.267480931873613880e-05 1.917050051585266299e-08
9.240000000000000000e+02 3.264568655871785322e-05 3.262658713773196323e-05 1.909942098588839771e-08
9.250000000000000000e+02 3.259751166543435288e-05 3.257848311590914728e-05 1.902854952520355619e-08
9.260000000000000000e+02 3.254945472581025881e-05 3.253049684046794594e-05 1.895788534231134870e-08
9.270000000000000000e+02 3.250151532813641141e-05 3.248262790048689282e-05 1.888742764952006367e-08
9.280000000000000000e+02 3.245369306257509922e-05 3.243487588691218850e-05 1.881717566291077025e-08
9.290000000000000000e+02 3.240598752114963704e-05 3.238724039254731933e-05 1.874712860231562961e-08
9.300000000000000000e+02 3.235839829773386948e-05 3.233972101204257455e-05 1.867728569129586214e-08
9.310000000000000000e+02 3.231092498804190495e-05 3.229231734188478699e-05 1.860764615712029044e-08
9.320000000000000000e+02 3.226356718961777504e-05 3.224502898038703318e-05 1.853820923074387558e-08
9.330000000000000000e+02 3.221632450182522950e-05 3.219785552767844185e-05 1.846897414678616742e-08
9.340000000000000000e+02 3.216919652583761249e-05 3.215079658569410404e-05 1.839994014351037694e-08
9.350000000000000000e+02 3.212218286462777952e-05 3.210385175816497653e-05 1.833110646280214416e-08
9.360000000000000000e+02 3.207528312295807531e-05 3.205702065060792743e-05 1.826247235014873952e-08
9.370000000000000000e+02 3.202849690737036596e-05 3.201030287031574804e-05 1.819403705461813949e-08
9.380000000000000000e+02 3.198182382617622687e-05 3.196369802634738822e-05 1.812579982883865814e-08
9.390000000000000000e+02 3.193526348944706299e-05 3.191720572951808335e-05 1.805775992897826754e-08
9.400000000000000000e+02 3.188893907067436126e-05 3.187094241954228479e-05 1.799665113207663668e-08
9.410000000000000000e+02 3.184272622789320178e-05 3.182479051117573032e-05 1.793571671747169231e-08
9.420000000000000000e+02 3.179662457792912177e-05 3.177874962189374664e-05 1.787495603537233290e-08
9.430000000000000000e+02 3.175063373932153818e-05 3.173281937088249084e-05 1.781436843904412420e-08
9.440000000000000000e+02 3.170475333231425409e-05 3.168699937902946361e-05 1.775395328479165383e-08
9.450000000000000000e+02 3.165898297884608037e-05 3.164128926891413766e-05 1.769370993194117700e-08
9.460000000000000000e+02 3.161332230254153188e-05 3.159568866479870814e-05 1.763363774282360313e-08
9.470000000000000000e+02 3.156777092870151688e-05 3.155019719261876169e-05 1.757373608275707204e-08
9.480000000000000000e+02 3.152232848429415519e-05 3.150481447997412177e-05 1.751400432003024826e-08
9.490000000000000000e+02 3.147699459794560991e-05 3.145954015611972774e-05 1.745444182588520498e-08
9.500000000000000000e+02 3.143176889993106143e-05 3.141437385195656150e-05 1.739504797450089369e-08
9.510000000000000000e+02 3.138665102216560692e-05 3.136931520002262823e-05 1.733582214297625316e-08
9.520000000000000000e+02 3.134164059819529531e-05 3.132436383448398466e-05 1.727676371131381137e-08
9.530000000000000000e+02 3.129673726318827075e-05 3.127951939112586893e-05 1.721787206240317174e-08
9.540000000000000000e+02 3.125194065392586856e-05 3.123478150734386433e-05 1.715914658200473415e-08
9.550000000000000000e+02 3.120725040879388065e-05 3.119014982213514438e-05 1.710058665873355835e-08
9.560000000000000000e+02 3.116266616777371251e-05 3.114562397608967045e-05 1.704219168404304862e-08
9.570000000000000000e+02 3.111818757243379086e-05 3.110120361138157916e-05 1.698396105220906531e-08
9.580000000000000000e+02 3.107381426592093073e-05 3.105688837176061713e-05 1.692589416031415542e-08
9.590000000000000000e+02 3.102954589295170928e-05 3.101267790254348097e-05 1.686799040823148883e-08
9.600000000000000000e+02 3.098538209980401575e-05 3.096857185060540791e-05 1.681024919860947598e-08
9.610000000000000000e+02 3.094132253430854055e-05 3.092456986437168513e-05 1.675266993685591912e-08
9.620000000000000000e+02 3.089736684584041328e-05 3.088067159380928787e-05 1.669525203112270946e-08
9.630000000000000000e+02 3.085351468531078665e-05 3.083687669041849721e-05 1.663799489229037214e-08
9.640000000000000000e+02 3.080976570515864396e-05 3.079318480722469396e-05 1.658089793395285603e-08
9.650000000000000000e+02 3.076611955934244397e-05 3.074959559877004424e-05 1.652396057240225403e-08
9.660000000000000000e+02 3.072257590333200974e-05 3.070610872110539504e-05 1.646718222661388406e-08
9.670000000000000000e+02 3.067913439410031574e-05 3.066272383178208171e-05 1.641056231823111524e-08
9.680000000000000000e+02 3.063579469011549193e-05 3.061944058984393877e-05 1.635410027155071692e-08
9.690000000000000000e+02 3.059255645133270572e-05 3.057625865581919548e-05 1.629779551350787008e-08
9.700000000000000000e+02 3.054941933918622703e-05 3.053317769171256797e-05 1.624164747366168182e-08
9.710000000000000000e+02 3.050638301658150004e-05 3.049019736099732079e-05 1.618565558418044165e-08
9.720000000000000000e+02 3.046344714788720817e-05 3.044731732860737940e-05 1.612981927982722858e-08
9.730000000000000000e+02 3.042061139892748479e-05 3.040453726092954081e-05 1.607413799794544534e-08
9.740000000000000000e+02 3.037787543697414080e-05 3.036185682579569786e-05 1.601861117844458100e-08
9.750000000000000000e+02 3.033523893073889572e-05 3.031927569247511083e-05 1.596323826378599334e-08
9.760000000000000000e+02 3.029270155036573061e-05 3.027679353166676051e-05 1.590801869896879388e-08
9.770000000000000000e+02 3.025026296742321059e-05 3.023441001549169433e-05 1.585295193151575269e-08
9.780000000000000000e+02 3.020792285489693268e-05 3.019212481748547426e-05 1.579803741145946135e-08
9.790000000000000000e+02 3.016568088718201774e-05 3.014993761259068903e-05 1.574327459132855871e-08
9.800000000000000000e+02 3.012353674007551082e-05 3.010784807714937826e-05 1.568866292613373497e-08
9.810000000000000000e+02 3.008149009076905271e-05 3.006585588889569717e-05 1.563420187335427519e-08
9.820000000000000000e+02 3.003954061784144293e-05 3.002396072694851688e-05 1.557989089292451659e-08
9.830000000000000000e+02 2.999768800125125024e-05 2.998216227180403151e-05 1.552572944722014720e-08
9.840000000000000000e+02 2.995593192232958238e-05 2.994046020532853809e-05 1.547171700104503380e-08
9.850000000000000000e+02 2.991427206377276766e-05 2.989885421075114867e-05 1.541785302161778193e-08
9.860000000000000000e+02 2.987270810963517896e-05 2.985734397265662105e-05 1.536413697855859688e-08
9.870000000000000000e+02 2.983123974532204405e-05 2.981592917697816912e-05 1.531056834387601578e-08
9.880000000000000000e+02 2.978986665758235090e-05 2.977460951099039529e-05 1.525714659195403335e-08
9.890000000000000000e+02 2.974858853450175288e-05 2.973338466330221263e-05 1.520387119953898279e-08
9.900000000000000000e+02 2.970740506549552487e-05 2.969225432384979755e-05 1.515074164572672111e-08
9.910000000000000000e+02 2.966631594130159726e-05 2.965121818388964756e-05 1.509775741194976151e-08
9.920000000000000000e+02 2.962532085397361024e-05 2.961027593599164574e-05 1.504491798196468701e-08
9.930000000000000000e+02 2.958441949687398175e-05 2.956942727403214215e-05 1.499222284183927620e-08
9.940000000000000000e+02 2.954361156466710743e-05 2.952867189318716747e-05 1.493967147994026427e-08
9.950000000000000000e+02 2.950289675331249292e-05 2.948800948992557196e-05 1.488726338692058292e-08
9.960000000000000000e+02 2.946227476005798437e-05 2.944743976200227633e-05 1.483499805570707014e-08
9.970000000000000000e+02 2.942174528343306669e-05 2.940696240845158021e-05 1.478287498148817496e-08
9.980000000000000000e+02 2.938130802324215169e-05 2.936657712958045020e-05 1.473089366170167054e-08
9.990000000000000000e+02 2.934096268055794748e-05 2.932628362696192663e-05 1.467905359602254090e-08
