# [1]-ell [2]-1h+2h [3]-1h [4]-2h
2.000000000000000000e+00 2.360435234800287163e-01 1.146889719622228992e-01 1.213545515178058032e-01
3.000000000000000000e+00 1.547322525283580108e-01 8.577480735120217303e-02 6.895744517715583777e-02
4.000000000000000000e+00 1.124436835116506411e-01 6.837058469645551639e-02 4.407309881519512473e-02
5.000000000000000000e+00 8.703207130582328588e-02 5.671825832671126971e-02 3.031381297911201617e-02
6.000000000000000000e+00 7.030404807125621713e-02 4.836525434738594281e-02 2.193879372387027085e-02
7.000000000000000000e+00 5.857242430418172635e-02 4.208183522828228690e-02 1.649058907589943945e-02
8.000000000000000000e+00 4.994711220410673336e-02 3.718262780136232654e-02 1.276448440274440856e-02
9.000000000000000000e+00 4.337132206803388790e-02 3.325653673899031659e-02 1.011478532904356957e-02
1.000000000000000000e+01 3.821140643751264054e-02 3.004056584470533517e-02 8.170840592807305375e-03
1.100000000000000000e+01 3.406626334276605106e-02 2.735878618047756644e-02 6.707477162288486353e-03
1.200000000000000000e+01 3.067054459602475830e-02 2.508901831114034378e-02 5.581526284884413651e-03
1.300000000000000000e+01 2.784274468377775577e-02 2.314373381864779852e-02 4.699010865129958116e-03
1.400000000000000000e+01 2.545489392521169819e-02 2.145854931563386317e-02 3.996344609577833287e-03
1.500000000000000000e+01 2.341428328548567084e-02 1.998507350230041904e-02 3.429209783185253532e-03
1.600000000000000000e+01 2.165209282281699982e-02 1.868619143371712601e-02 2.965901389099873803e-03
1.700000000000000000e+01 2.011636594184815219e-02 1.753299144966436254e-02 2.583374492183789211e-03
1.800000000000000000e+01 1.876785947638595284e-02 1.649885361245347765e-02 2.269005863932475192e-03
1.900000000000000000e+01 1.757313273521247943e-02 1.557665071594415383e-02 1.996482019268325594e-03
2.000000000000000000e+01 1.650971093336604800e-02 1.474031170539456294e-02 1.769399227971484630e-03
2.100000000000000000e+01 1.555705627397191600e-02 1.398138177797532931e-02 1.575674495996587116e-03
2.200000000000000000e+01 1.469942584236662297e-02 1.328786390108026121e-02 1.411561941286362636e-03
2.300000000000000000e+01 1.392277183291236974e-02 1.265711848026052078e-02 1.265653352651848525e-03
2.400000000000000000e+01 1.321716816755553851e-02 1.207630384493039132e-02 1.140864322625147415e-03
2.500000000000000000e+01 1.257345167445699831e-02 1.154010914946655003e-02 1.033342524990448277e-03
2.600000000000000000e+01 1.198359044183274630e-02 1.104716459066179893e-02 9.364258511709474793e-04
2.700000000000000000e+01 1.144166598693064502e-02 1.058935546653479859e-02 8.523105203958456682e-04
2.800000000000000000e+01 1.094216219206566032e-02 1.016330576179997128e-02 7.788564302656881752e-04
2.900000000000000000e+01 1.048018615075355445e-02 9.768260472643501557e-03 7.119256781100522392e-04
3.000000000000000000e+01 1.005203027461387504e-02 9.398189119351692961e-03 6.538411552621818581e-04
3.100000000000000000e+01 9.653998596771915311e-03 9.053404361266290459e-03 6.005942355056249600e-04
3.200000000000000000e+01 9.283265799227315151e-03 8.729214447524074119e-03 5.540513517032413576e-04
3.300000000000000000e+01 8.937062080474605236e-03 8.425904001393983572e-03 5.111580790806223139e-04
3.400000000000000000e+01 8.613194709444176381e-03 8.139772641685874555e-03 4.734220677583020429e-04
3.500000000000000000e+01 8.309552242762382676e-03 7.871070525206365354e-03 4.384817175560175935e-04
3.600000000000000000e+01 8.024415529634209773e-03 7.616517276006847317e-03 4.078982536273622391e-04
3.700000000000000000e+01 7.756139681070681191e-03 7.376681092842054741e-03 3.794585882286268300e-04
3.800000000000000000e+01 7.503318364458285740e-03 7.150350373769427496e-03 3.529679906888581352e-04
3.900000000000000000e+01 7.264720722953051275e-03 6.935080754422943972e-03 3.296399685301072495e-04
4.000000000000000000e+01 7.039193586732600885e-03 6.731362780307241847e-03 3.078308064253587671e-04
4.100000000000000000e+01 6.825728109231310285e-03 6.537234112315905114e-03 2.884939969154053335e-04
4.200000000000000000e+01 6.623410476510439328e-03 6.353054217911109636e-03 2.703562585993298005e-04
4.300000000000000000e+01 6.431417750693560302e-03 6.178096607716803204e-03 2.533211429767572064e-04
4.400000000000000000e+01 6.248993665874166999e-03 6.010699873912287577e-03 2.382937919618793399e-04
4.500000000000000000e+01 6.075474011192742892e-03 5.851335984093613066e-03 2.241380270991297989e-04
4.600000000000000000e+01 5.910243800531616611e-03 5.699455555164653804e-03 2.107882453669625896e-04
4.700000000000000000e+01 5.752724248674871352e-03 5.553786054300536082e-03 1.989381943743355409e-04
4.800000000000000000e+01 5.602422961756357844e-03 5.414689228530870750e-03 1.877337332254867689e-04
4.900000000000000000e+01 5.458871545245861170e-03 5.281742343466726275e-03 1.771292017791350852e-04
5.000000000000000000e+01 5.321620711651440898e-03 5.153956977672563902e-03 1.676637339788769143e-04
5.100000000000000000e+01 5.190297308457424499e-03 5.031612854747386995e-03 1.586844537100370975e-04
5.200000000000000000e+01 5.064538606795506576e-03 4.914379675381703658e-03 1.501589314138033246e-04
5.300000000000000000e+01 4.943990996106015050e-03 4.801480868849369518e-03 1.425101272566454231e-04
5.400000000000000000e+01 4.828366596551084307e-03 4.693133634566814399e-03 1.352329619842702326e-04
5.500000000000000000e+01 4.717380348705455320e-03 4.589076367840712843e-03 1.283039808647429107e-04
5.600000000000000000e+01 4.610747538088952845e-03 4.488635274539252810e-03 1.221122635496999799e-04
5.700000000000000000e+01 4.508245648358623001e-03 4.392040019759983413e-03 1.162056285986394521e-04
5.800000000000000000e+01 4.409647698702286178e-03 4.299080687105486485e-03 1.105670115967999232e-04
5.900000000000000000e+01 4.314742768025291685e-03 4.209562146078604968e-03 1.051806219466871101e-04
6.000000000000000000e+01 4.223315013561353484e-03 4.122929014030030613e-03 1.003859995313225730e-04
6.100000000000000000e+01 4.135202185139484621e-03 4.039404154611952492e-03 9.579803052753191155e-05
6.200000000000000000e+01 4.050233730329672911e-03 3.958828597137463781e-03 9.140513319220913008e-05
6.300000000000000000e+01 3.968250405067692485e-03 3.881053869181308718e-03 8.719653588638345539e-05
6.400000000000000000e+01 3.889092408448392973e-03 3.805663176698225857e-03 8.342923175016721032e-05
6.500000000000000000e+01 3.812631916247291065e-03 3.732817359086002505e-03 7.981455716128866857e-05
6.600000000000000000e+01 3.738738439169675149e-03 3.662393968829511740e-03 7.634447034016347670e-05
6.700000000000000000e+01 3.667289628334540440e-03 3.594278169652904802e-03 7.301145868163544839e-05
6.800000000000000000e+01 3.598159096506695943e-03 3.528146339926205039e-03 7.001275658049091780e-05
6.900000000000000000e+01 3.531251035086677495e-03 3.464122365743005794e-03 6.712866934367164645e-05
7.000000000000000000e+01 3.466463991771486473e-03 3.402110492527509085e-03 6.435349924397732065e-05
7.100000000000000000e+01 3.403702490162372699e-03 3.342020587645661098e-03 6.168190251671158730e-05
7.200000000000000000e+01 3.342872101817164279e-03 3.283587396761516574e-03 5.928470505564750195e-05
7.300000000000000000e+01 3.283892733396088712e-03 3.226918591226494906e-03 5.697414216959365712e-05
7.400000000000000000e+01 3.226684392526955446e-03 3.171938253484635640e-03 5.474613904231973884e-05
7.500000000000000000e+01 3.171171549821309981e-03 3.118574689285696921e-03 5.259686053561308671e-05
7.600000000000000000e+01 3.117282834970983279e-03 3.066760140718843668e-03 5.052269425213943503e-05
7.700000000000000000e+01 3.064949106271615611e-03 3.016282275842331086e-03 4.866683042928436316e-05
7.800000000000000000e+01 3.014108209285755978e-03 2.967234374144520070e-03 4.687383514123604980e-05
7.900000000000000000e+01 2.964699657087854941e-03 2.919558720557325227e-03 4.514093653052963893e-05
8.000000000000000000e+01 2.916666128602462497e-03 2.873200612943111430e-03 4.346551565935118848e-05
8.100000000000000000e+01 2.869953266236487457e-03 2.828108169869582127e-03 4.184509636690546632e-05
8.200000000000000000e+01 2.824511459594199973e-03 2.784123920235837078e-03 4.038753935836286111e-05
8.300000000000000000e+01 2.780289688595808436e-03 2.741313240616413509e-03 3.897644797939511010e-05
8.400000000000000000e+01 2.737241420824352428e-03 2.699631526563416647e-03 3.760989426093593036e-05
8.500000000000000000e+01 2.695322417471036468e-03 2.659036367088938278e-03 3.628605038209833922e-05
8.600000000000000000e+01 2.654490595183780534e-03 2.619487412771787007e-03 3.500318241199348618e-05
8.700000000000000000e+01 2.614711382602468402e-03 2.580860280243812022e-03 3.385110235865650862e-05
8.800000000000000000e+01 2.575940959729624852e-03 2.543207282460703284e-03 3.273367726892149372e-05
8.900000000000000000e+01 2.538142982452886581e-03 2.506493432752408389e-03 3.164954970047825962e-05
9.000000000000000000e+01 2.501282799520136366e-03 2.470685370703420460e-03 3.059742881671611621e-05
9.100000000000000000e+01 2.465327356134358779e-03 2.435751269681599857e-03 2.957608645275890851e-05
9.200000000000000000e+01 2.430245104019066512e-03 2.401660750566176391e-03 2.858435345288999233e-05
9.300000000000000000e+01 2.396014459600484536e-03 2.368319054735864085e-03 2.769540486462028207e-05
9.400000000000000000e+01 2.362597826988779674e-03 2.335766302753841932e-03 2.683152423493755209e-05
9.500000000000000000e+01 2.329967705828041476e-03 2.303975914763320854e-03 2.599179106472062142e-05
9.600000000000000000e+01 2.298097797403953445e-03 2.272922470188432163e-03 2.517532721552145499e-05
9.700000000000000000e+01 2.266962940414559997e-03 2.242581645852904579e-03 2.438129456165545516e-05
9.800000000000000000e+01 2.236539050789627774e-03 2.212930157995242429e-03 2.360889279438516212e-05
9.900000000000000000e+01 2.206813417609086812e-03 2.183900507984915321e-03 2.291290962417145705e-05
1.000000000000000000e+02 2.177753283080592975e-03 2.155517884781578755e-03 2.223539829901431447e-05
1.010000000000000000e+02 2.149337481212694554e-03 2.127761760758430792e-03 2.157572045426393783e-05
1.020000000000000000e+02 2.121545716989886154e-03 2.100612451605499923e-03 2.093326538438604773e-05
1.030000000000000000e+02 2.094358522510123867e-03 2.074051073911294119e-03 2.030744859882979589e-05
1.040000000000000000e+02 2.067757215728576858e-03 2.048059505262511161e-03 1.969771046606556453e-05
1.050000000000000000e+02 2.041736341391440449e-03 2.022587573818846775e-03 1.914876757259386078e-05
1.060000000000000000e+02 2.016265842541381439e-03 1.997652267632916631e-03 1.861357490846501770e-05
1.070000000000000000e+02 1.991329182707484140e-03 1.973237498875052027e-03 1.809168383243230332e-05
1.080000000000000000e+02 1.966910468443866696e-03 1.949327804379023940e-03 1.758266406484281335e-05
1.090000000000000000e+02 1.942994418716667429e-03 1.925908315935057893e-03 1.708610278160960412e-05
1.100000000000000000e+02 1.919566336011344120e-03 1.902964732250856132e-03 1.660160376048788302e-05
1.110000000000000000e+02 1.896612079049092570e-03 1.880483292472890158e-03 1.612878657620250955e-05
1.120000000000000000e+02 1.874132245653227285e-03 1.858428627161037155e-03 1.570361849219023475e-05
1.130000000000000000e+02 1.852099145786695496e-03 1.836810693154384937e-03 1.528845263231058617e-05
1.140000000000000000e+02 1.830500169863981483e-03 1.815617187351581787e-03 1.488298251239970017e-05
1.150000000000000000e+02 1.809323169060849355e-03 1.794836255628413360e-03 1.448691343243605655e-05
1.160000000000000000e+02 1.788556434692849815e-03 1.774456472762832348e-03 1.409996193001739241e-05
1.170000000000000000e+02 1.768188678683725286e-03 1.754466823420219044e-03 1.372185526350625793e-05
1.180000000000000000e+02 1.748209015057420072e-03 1.734856684134418719e-03 1.335233092300134137e-05
1.190000000000000000e+02 1.728621201672453974e-03 1.715602829412620715e-03 1.301837225983316110e-05
1.200000000000000000e+02 1.709400489752397950e-03 1.696708669936780210e-03 1.269181981561770784e-05
1.210000000000000000e+02 1.690537108682598497e-03 1.678164649009030764e-03 1.237245967356775883e-05
1.220000000000000000e+02 1.672021624578094853e-03 1.659961538905708415e-03 1.206008567238648214e-05
1.230000000000000000e+02 1.653844926064839630e-03 1.642090426997862762e-03 1.175449906697690900e-05
1.240000000000000000e+02 1.635998210770235953e-03 1.624542702563702180e-03 1.145550820653366735e-05
1.250000000000000000e+02 1.618472972482250249e-03 1.607310044253252787e-03 1.116292822899755727e-05
1.260000000000000000e+02 1.601277264238727162e-03 1.590377386801104190e-03 1.089987743762290700e-05
1.270000000000000000e+02 1.584386476861911848e-03 1.573744139428476328e-03 1.064233743343562004e-05
1.280000000000000000e+02 1.567792932690467754e-03 1.557402774928582723e-03 1.039015776188506689e-05
1.290000000000000000e+02 1.551489204432932034e-03 1.541346011305927410e-03 1.014319312700466110e-05
1.300000000000000000e+02 1.535468105161010878e-03 1.525566801983127161e-03 9.901303177883774223e-06
1.310000000000000000e+02 1.519722678775530184e-03 1.510058326470035787e-03 9.664352305494426952e-06
1.320000000000000000e+02 1.504246190919336212e-03 1.494813981470038489e-03 9.432209449297707470e-06
1.330000000000000000e+02 1.489032120313006028e-03 1.479827372399915341e-03 9.204747913090741574e-06
1.340000000000000000e+02 1.474074150490709868e-03 1.465092305301121493e-03 8.981845189588390214e-06
1.350000000000000000e+02 1.459382661648570088e-03 1.450601054667272809e-03 8.781606981297210876e-06
1.360000000000000000e+02 1.444934860399205590e-03 1.436349567433023921e-03 8.585292966181689298e-06
1.370000000000000000e+02 1.430725008540925658e-03 1.422332205575204105e-03 8.392802965721600061e-06
1.380000000000000000e+02 1.416747542903735307e-03 1.408543502890010615e-03 8.204040013724706059e-06
1.390000000000000000e+02 1.402997068803570058e-03 1.394978158571643506e-03 8.018910231926642981e-06
1.400000000000000000e+02 1.389468353785945675e-03 1.381631031074708697e-03 7.837322711237023772e-06
1.410000000000000000e+02 1.376156321644281429e-03 1.368497132245943132e-03 7.659189398338354249e-06
1.420000000000000000e+02 1.363056046699003898e-03 1.355571621711642747e-03 7.484424987361103677e-06
1.430000000000000000e+02 1.350179437953686300e-03 1.342852234467005338e-03 7.327203486680908675e-06
1.440000000000000000e+02 1.337504817671328209e-03 1.330331926232069476e-03 7.172891439258688456e-06
1.450000000000000000e+02 1.325027688616687649e-03 1.318006269943985172e-03 7.021418672702473424e-06
1.460000000000000000e+02 1.312743683281691756e-03 1.305870966140238549e-03 6.872717141453202961e-06
1.470000000000000000e+02 1.300648559296266153e-03 1.293921838447362931e-03 6.726720848903172316e-06
1.480000000000000000e+02 1.288738195031156799e-03 1.282154829258298507e-03 6.583365772858280986e-06
1.490000000000000000e+02 1.277008585383492597e-03 1.270565995589313006e-03 6.442589794179649741e-06
1.500000000000000000e+02 1.265455837736330792e-03 1.259151505107881756e-03 6.304332628449130032e-06
1.510000000000000000e+02 1.254076168083906187e-03 1.247907632323394522e-03 6.168535760511692197e-06
1.520000000000000000e+02 1.242865897314751914e-03 1.236830754932995852e-03 6.035142381756059422e-06
1.530000000000000000e+02 1.231837768651724251e-03 1.225922594426401930e-03 5.915174225322405007e-06
1.540000000000000000e+02 1.220971663612442290e-03 1.215174378339822000e-03 5.797285272620253747e-06
1.550000000000000000e+02 1.210264204442563964e-03 1.204582775864722777e-03 5.681428577841277510e-06
1.560000000000000000e+02 1.199712104632199086e-03 1.194144546104789059e-03 5.567558527409929930e-06
1.570000000000000000e+02 1.189312165892312135e-03 1.183856535098019771e-03 5.455630794292360639e-06
1.580000000000000000e+02 1.179061275249658480e-03 1.173715672955515186e-03 5.345602294143298671e-06
1.590000000000000000e+02 1.168956402254897001e-03 1.163718971111690629e-03 5.237431143206284741e-06
1.600000000000000000e+02 1.158994596298792892e-03 1.153863519680906145e-03 5.131076617886668241e-06
1.610000000000000000e+02 1.149172984031686167e-03 1.144146484915764843e-03 5.026499115921317244e-06
1.620000000000000000e+02 1.139504722345125506e-03 1.134572440487374365e-03 4.932281857751205488e-06
1.630000000000000000e+02 1.129970836235647674e-03 1.125131229120901856e-03 4.839607114745738371e-06
1.640000000000000000e+02 1.120568676167180361e-03 1.115820234195759363e-03 4.748441971421044862e-06
1.650000000000000000e+02 1.111295660305133262e-03 1.106636905909715767e-03 4.658754395417457678e-06
1.660000000000000000e+02 1.102149272393823610e-03 1.097578759184970410e-03 4.570513208853157167e-06
1.670000000000000000e+02 1.093127059712658590e-03 1.088643371651890285e-03 4.483688060768223566e-06
1.680000000000000000e+02 1.084226631107685843e-03 1.079828381707074710e-03 4.398249400611218268e-06
1.690000000000000000e+02 1.075445655095325168e-03 1.071131486642601990e-03 4.314168452723281051e-06
1.700000000000000000e+02 1.066781858035214864e-03 1.062550440843438356e-03 4.231417191776614065e-06
1.710000000000000000e+02 1.058233022369275706e-03 1.054083054050149269e-03 4.149968319126352785e-06
1.720000000000000000e+02 1.049796984924217030e-03 1.045727189684180023e-03 4.069795240036918009e-06
1.730000000000000000e+02 1.041487559560910423e-03 1.037489729624253322e-03 3.997829936657097917e-06
1.740000000000000000e+02 1.033286488444415570e-03 1.029359519030951771e-03 3.926969413463804490e-06
1.750000000000000000e+02 1.025191767708615162e-03 1.021334576140671890e-03 3.857191567943174262e-06
1.760000000000000000e+02 1.017201441517576969e-03 1.013412966663896709e-03 3.788474853680208502e-06
1.770000000000000000e+02 1.009313600652705055e-03 1.005592802389267040e-03 3.720798263438017854e-06
1.780000000000000000e+02 1.001526381149089699e-03 9.978722398362482090e-04 3.654141312841480459e-06
1.790000000000000000e+02 9.938379629790704186e-04 9.902494789544300565e-04 3.588484024640349386e-06
1.800000000000000000e+02 9.862465687811333877e-04 9.827227618676051372e-04 3.523806913528304639e-06
1.810000000000000000e+02 9.787504626323406589e-04 9.752903716608451882e-04 3.460090971495389851e-06
1.820000000000000000e+02 9.713479488625660022e-04 9.679506312088736629e-04 3.397317653692317767e-06
1.830000000000000000e+02 9.640373709089019531e-04 9.607019020441158377e-04 3.335468864786084484e-06
1.840000000000000000e+02 9.568322390251109187e-04 9.535523897681866734e-04 3.279849256924266555e-06
1.850000000000000000e+02 9.497155976514391447e-04 9.464905645977578956e-04 3.225033053681258413e-06
1.860000000000000000e+02 9.426859058795958009e-04 9.395149007500783840e-04 3.171005129517408888e-06
1.870000000000000000e+02 9.357416575801604875e-04 9.326239068630481346e-04 3.117750717112299505e-06
1.880000000000000000e+02 9.288813804390262012e-04 9.258161250419245014e-04 3.065255397101707473e-06
1.890000000000000000e+02 9.221036350254546016e-04 9.190901299372947674e-04 3.013505088159876475e-06
1.900000000000000000e+02 9.154070138905401116e-04 9.124445278531264367e-04 2.962486037413658781e-06
1.910000000000000000e+02 9.087901406949376116e-04 9.058779558837618201e-04 2.912184811175778292e-06
1.920000000000000000e+02 9.022516693647620418e-04 8.993890810787769433e-04 2.862588285985079503e-06
1.930000000000000000e+02 8.957902832746045523e-04 8.929765996346625311e-04 2.813683639942021656e-06
1.940000000000000000e+02 8.894046944566628542e-04 8.866392361123345920e-04 2.765458344328304164e-06
1.950000000000000000e+02 8.830936428350221346e-04 8.803757426795222373e-04 2.717900155499883784e-06
1.960000000000000000e+02 8.768703987722336300e-04 8.741951788258832748e-04 2.675219946350320504e-06
1.970000000000000000e+02 8.707190318117052300e-04 8.680859128836525621e-04 2.633118928052658224e-06
1.980000000000000000e+02 8.646383652801935011e-04 8.620467784251129896e-04 2.591586855080524624e-06
1.990000000000000000e+02 8.586272474738600256e-04 8.560766337639084261e-04 2.550613709951545644e-06
2.000000000000000000e+02 8.526845510077497728e-04 8.501743613106645288e-04 2.510189697085284696e-06
2.010000000000000000e+02 8.468091721853381612e-04 8.443388669484826539e-04 2.470305236855453963e-06
2.020000000000000000e+02 8.410000303874352488e-04 8.385690794276059318e-04 2.430950959829366994e-06
2.030000000000000000e+02 8.352560674797604272e-04 8.328639497785726145e-04 2.392117701187847007e-06
2.040000000000000000e+02 8.295762472385261477e-04 8.272224507432070434e-04 2.353796495319089499e-06
2.050000000000000000e+02 8.239595547934041187e-04 8.216435762228238441e-04 2.315978570580307689e-06
2.060000000000000000e+02 8.184049960872631342e-04 8.161263407430419895e-04 2.278655344221121440e-06
2.070000000000000000e+02 8.129115973520938251e-04 8.106697789346308533e-04 2.241818417462964566e-06
2.080000000000000000e+02 8.074784046005654362e-04 8.052729450298363924e-04 2.205459570729033190e-06
2.090000000000000000e+02 8.021180483389792970e-04 7.999452776072621960e-04 2.172770731717118844e-06
2.100000000000000000e+02 7.968158538348312685e-04 7.946753554595953556e-04 2.140498375235934481e-06
2.110000000000000000e+02 7.915709269029866683e-04 7.894622913176713727e-04 2.108635585315255326e-06
2.120000000000000000e+02 7.863823911790064711e-04 7.843052155884928109e-04 2.077175590513654715e-06
2.130000000000000000e+02 7.812493876830342489e-04 7.792032759227715153e-04 2.046111760262769183e-06
2.140000000000000000e+02 7.761710743963298959e-04 7.741556367950096305e-04 2.015437601320236614e-06
2.150000000000000000e+02 7.711466258500152644e-04 7.691614790956877949e-04 1.985146754327496226e-06
2.160000000000000000e+02 7.661752327256387976e-04 7.642199997351697667e-04 1.955232990469002102e-06
2.170000000000000000e+02 7.612561014671561602e-04 7.593304112589267709e-04 1.925690208229337235e-06
2.180000000000000000e+02 7.563884539039534682e-04 7.544919414737084927e-04 1.896512430244944095e-06
2.190000000000000000e+02 7.515715268845527290e-04 7.497038330843054264e-04 1.867693800247338158e-06
2.200000000000000000e+02 7.468045719206476687e-04 7.449653433405529221e-04 1.839228580094729011e-06
2.210000000000000000e+02 7.420868548411317829e-04 7.402757436942426729e-04 1.811111146889099671e-06
2.220000000000000000e+02 7.374304430993633723e-04 7.356445921873880269e-04 1.785850911975386222e-06
2.230000000000000000e+02 7.328216706131188921e-04 7.310607768680197401e-04 1.760893745099184190e-06
2.240000000000000000e+02 7.282598469941953560e-04 7.265236120885607950e-04 1.736234905634580867e-06
2.250000000000000000e+02 7.237442948245729731e-04 7.220324250782705986e-04 1.711869746302321538e-06
2.260000000000000000e+02 7.192743493571632056e-04 7.175865556462186897e-04 1.687793710944474995e-06
2.270000000000000000e+02 7.148493582247353968e-04 7.131853558923740254e-04 1.664002332361417802e-06
2.280000000000000000e+02 7.104686811567646884e-04 7.088281899265554912e-04 1.640491230209155049e-06
2.290000000000000000e+02 7.061316897039548969e-04 7.045144335949998001e-04 1.617256108955053346e-06
2.300000000000000000e+02 7.018377669701920778e-04 7.002434742143019654e-04 1.594292755890097378e-06
2.310000000000000000e+02 6.975863073517014207e-04 6.960147103125055449e-04 1.571597039195892750e-06
2.320000000000000000e+02 6.933767162831790338e-04 6.918275513771143239e-04 1.549164906064670005e-06
2.330000000000000000e+02 6.892084099906889329e-04 6.876814176098182451e-04 1.526992380870645309e-06
2.340000000000000000e+02 6.850808152511114312e-04 6.835757396877203225e-04 1.505075563391075932e-06
2.350000000000000000e+02 6.809933691579471210e-04 6.795099585308715532e-04 1.483410627075532646e-06
2.360000000000000000e+02 6.769455188932781489e-04 6.754835250759163917e-04 1.461993817361797689e-06
2.370000000000000000e+02 6.729488087200128678e-04 6.715060321453458379e-04 1.442776574667029889e-06
2.380000000000000000e+02 6.689904658696091150e-04 6.675666903378644264e-04 1.423775531744720363e-06
2.390000000000000000e+02 6.650699688148346833e-04 6.636649812969137429e-04 1.404987517920886414e-06
2.400000000000000000e+02 6.611868052186515438e-04 6.598003957975864288e-04 1.386409421065089984e-06
2.410000000000000000e+02 6.573404717352982493e-04 6.559724335490167832e-04 1.368038186281443529e-06
2.420000000000000000e+02 6.535304738164749187e-04 6.521806030018408766e-04 1.349870814634026599e-06
2.430000000000000000e+02 6.497563255224780366e-04 6.484244211605723297e-04 1.331904361905664090e-06
2.440000000000000000e+02 6.460175493381395710e-04 6.447034134007505321e-04 1.314135937389037857e-06
2.450000000000000000e+02 6.423136759934315208e-04 6.410171132907223086e-04 1.296562702709230658e-06
2.460000000000000000e+02 6.386442442885959230e-04 6.373650624179192292e-04 1.279181870676683455e-06
2.470000000000000000e+02 6.350088009236685895e-04 6.337468102194988330e-04 1.261990704169709721e-06
2.480000000000000000e+02 6.314069003322741666e-04 6.301619138172284435e-04 1.244986515045707000e-06
2.490000000000000000e+02 6.278381045195620879e-04 6.266099378564819050e-04 1.228166663080156882e-06
2.500000000000000000e+02 6.243019829041667607e-04 6.230904543492340976e-04 1.211528554932657171e-06
2.510000000000000000e+02 6.207981121640798782e-04 6.196030425209406904e-04 1.195069643139176085e-06
2.520000000000000000e+02 6.173368492260602547e-04 6.161565915167091772e-04 1.180257709351115654e-06
2.530000000000000000e+02 6.139068840392325520e-04 6.127412814512266711e-04 1.165602588005916922e-06
2.540000000000000000e+02 6.105078160140878316e-04 6.093567138992561421e-04 1.151102114831697545e-06
2.550000000000000000e+02 6.071392512080549296e-04 6.060024970448837835e-04 1.136754163171170031e-06
2.560000000000000000e+02 6.038008021900149753e-04 6.026782455468251065e-04 1.122556643189823485e-06
2.570000000000000000e+02 6.004920879080868391e-04 5.993835804069830991e-04 1.108507501103704631e-06
2.580000000000000000e+02 5.972127335605966663e-04 5.961181288421704130e-04 1.094604718426235274e-06
2.590000000000000000e+02 5.939623704701374940e-04 5.928815241589039612e-04 1.080846311233520478e-06
2.600000000000000000e+02 5.907406359606392652e-04 5.896734056311915897e-04 1.067230329447646891e-06
2.610000000000000000e+02 5.875471732373628271e-04 5.864934183812253862e-04 1.053754856137446880e-06
2.620000000000000000e+02 5.843816312697371410e-04 5.833412132629008529e-04 1.040418006836243986e-06
2.630000000000000000e+02 5.812436646769627256e-04 5.802164467480865929e-04 1.027217928876094764e-06
2.640000000000000000e+02 5.781329336163084764e-04 5.771187808155703487e-04 1.014152800738107109e-06
2.650000000000000000e+02 5.750491036740224948e-04 5.740478828426041989e-04 1.001220831418328938e-06
2.660000000000000000e+02 5.719918457587929621e-04 5.710034254989840774e-04 9.884202598088354067e-07
2.670000000000000000e+02 5.689608359976846804e-04 5.679850866435910825e-04 9.757493540935597900e-07
2.680000000000000000e+02 5.659658603446377423e-04 5.650015114822417401e-04 9.643488623960366377e-07
2.690000000000000000e+02 5.629963877286473265e-04 5.620433258033493860e-04 9.530619252979896655e-07
2.700000000000000000e+02 5.600521108599068772e-04 5.591102237917086127e-04 9.418870681982380332e-07
2.710000000000000000e+02 5.571327272485913223e-04 5.562019044079780702e-04 9.308228406132309940e-07
2.720000000000000000e+02 5.542379391127420655e-04 5.533180712970429396e-04 9.198678156991753053e-07
2.730000000000000000e+02 5.513674532882481723e-04 5.504584326984628692e-04 9.090205897853087453e-07
2.740000000000000000e+02 5.485209811408654247e-04 5.476227013589474776e-04 8.982797819179924645e-07
2.750000000000000000e+02 5.456982384802255360e-04 5.448105944468101995e-04 8.876440334153680610e-07
2.760000000000000000e+02 5.428989454757778476e-04 5.420218334683456164e-04 8.771120074322671429e-07
2.770000000000000000e+02 5.401228265746164546e-04 5.392561441860813706e-04 8.666823885351137618e-07
2.780000000000000000e+02 5.373696104211445100e-04 5.365132565388579374e-04 8.563538822865750310e-07
2.790000000000000000e+02 5.346390297785252963e-04 5.337929045636856211e-04 8.461252148396596545e-07
2.800000000000000000e+02 5.319308214518762585e-04 5.310948263193351893e-04 8.359951325410624567e-07
2.810000000000000000e+02 5.292447262131619833e-04 5.284187638116184544e-04 8.259624015434823787e-07
2.820000000000000000e+02 5.265804887277396101e-04 5.257644629203129388e-04 8.160258074266947718e-07
2.830000000000000000e+02 5.239378574825193785e-04 5.231316733276922433e-04 8.061841548271506659e-07
2.840000000000000000e+02 5.213165847156929315e-04 5.205201484486170161e-04 7.964362670758664792e-07
2.850000000000000000e+02 5.187258431847395230e-04 5.179381570801452374e-04 7.876861045942500295e-07
2.860000000000000000e+02 5.161558768685407979e-04 5.153768589489589498e-04 7.790179195818511433e-07
2.870000000000000000e+02 5.136064501132125461e-04 5.128360194026896539e-04 7.704307105229134396e-07
2.880000000000000000e+02 5.110773307301256585e-04 5.103154072388102827e-04 7.619234913153512601e-07
2.890000000000000000e+02 5.085682899332960539e-04 5.078147946423127671e-04 7.534952909832905100e-07
2.900000000000000000e+02 5.060791022781172812e-04 5.053339571247213386e-04 7.451451533959301645e-07
2.910000000000000000e+02 5.036095456013995860e-04 5.028726734644070910e-04 7.368721369925399985e-07
2.920000000000000000e+02 5.011594009626859497e-04 5.004307256481724687e-04 7.286753145134594407e-07
2.930000000000000000e+02 4.987284525868107337e-04 4.980078988140738050e-04 7.205537727369221067e-07
2.940000000000000000e+02 4.963164878076739301e-04 4.956039811954523122e-04 7.125066122215960059e-07
2.950000000000000000e+02 4.939232970131979521e-04 4.932187640661432745e-04 7.045329470546543437e-07
2.960000000000000000e+02 4.915486735914410517e-04 4.908520416868357959e-04 6.966319046052881921e-07
2.970000000000000000e+02 4.891924138778364637e-04 4.885036112525529628e-04 6.888026252834723541e-07
2.980000000000000000e+02 4.868543171035336417e-04 4.861732728412297071e-04 6.810442623039118922e-07
2.990000000000000000e+02 4.845341853448105235e-04 4.838608293633555181e-04 6.733559814549899631e-07
3.000000000000000000e+02 4.822318234735358997e-04 4.815660865126632478e-04 6.657369608726349033e-07
3.010000000000000000e+02 4.799470391086525594e-04 4.792888527178335955e-04 6.581863908189565317e-07
3.020000000000000000e+02 4.776796425686596361e-04 4.770289390951940782e-04 6.507034734655609346e-07
3.030000000000000000e+02 4.754294468250699771e-04 4.747861594023885775e-04 6.432874226814136048e-07
3.040000000000000000e+02 4.732050824195155282e-04 4.725684388784013191e-04 6.366435411142155594e-07
3.050000000000000000e+02 4.709974658738438056e-04 4.703674078269493128e-04 6.300580468944724810e-07
3.060000000000000000e+02 4.688064188866091528e-04 4.681828886157223847e-04 6.235302708867915610e-07
3.070000000000000000e+02 4.666317656171383300e-04 4.660147060635206392e-04 6.170595536176704154e-07
3.080000000000000000e+02 4.644733326437985432e-04 4.638626873986921107e-04 6.106452451064162846e-07
3.090000000000000000e+02 4.623309489231040479e-04 4.617266622184044923e-04 6.042867046995416692e-07
3.100000000000000000e+02 4.602044457496440918e-04 4.596064624487355456e-04 5.979833009085670502e-07
3.110000000000000000e+02 4.580936567168086664e-04 4.575019223055575251e-04 5.917344112511275658e-07
3.120000000000000000e+02 4.559984176782990589e-04 4.554128782562037476e-04 5.855394220953314491e-07
3.130000000000000000e+02 4.539185667104018995e-04 4.533391689818946435e-04 5.793977285072829802e-07
3.140000000000000000e+02 4.518539440750085428e-04 4.512806353409068677e-04 5.733087341016846145e-07
3.150000000000000000e+02 4.498043921833656898e-04 4.492371203324702338e-04 5.672718508954695842e-07
3.160000000000000000e+02 4.477697555605381682e-04 4.472084690613737723e-04 5.612864991643753968e-07
3.170000000000000000e+02 4.457498808105683666e-04 4.451945287032659480e-04 5.553521073023991529e-07
3.180000000000000000e+02 4.437446165823161681e-04 4.431951484706321250e-04 5.494681116840622592e-07
3.190000000000000000e+02 4.417538135359658853e-04 4.412101795794364303e-04 5.436339565294336111e-07
3.200000000000000000e+02 4.397773243101816567e-04 4.392394752164098569e-04 5.378490937718245286e-07
3.210000000000000000e+02 4.378150034899006785e-04 4.372828905069725699e-04 5.321129829281187057e-07
3.220000000000000000e+02 4.358667075747470350e-04 4.353402824837754011e-04 5.264250909716608350e-07
3.230000000000000000e+02 4.339322949480534943e-04 4.334115100558458408e-04 5.207848922076527671e-07
3.240000000000000000e+02 4.320109432818365711e-04 4.314952289971876417e-04 5.157142846489229848e-07
3.250000000000000000e+02 4.301032034982814160e-04 4.295925179777109241e-04 5.106855205704933430e-07
3.260000000000000000e+02 4.282089393810599356e-04 4.277032412313246643e-04 5.056981497352883813e-07
3.270000000000000000e+02 4.263280164804370931e-04 4.258272647524263496e-04 5.007517280107356684e-07
3.280000000000000000e+02 4.244603020851187318e-04 4.239644562678503061e-04 4.958458172684395142e-07
3.290000000000000000e+02 4.226056651946333677e-04 4.221146852093475587e-04 4.909799852857972461e-07
3.300000000000000000e+02 4.207639764922312012e-04 4.202778226865817152e-04 4.861538056495056391e-07
3.310000000000000000e+02 4.189351083182952509e-04 4.184537414606343182e-04 4.813668576609301828e-07
3.320000000000000000e+02 4.171189346442482401e-04 4.166423159180049720e-04 4.766187262432841412e-07
3.330000000000000000e+02 4.153153310469476982e-04 4.148434220450971386e-04 4.719090018505777513e-07
3.340000000000000000e+02 4.135241746835572989e-04 4.130569374031789758e-04 4.672372803783113577e-07
3.350000000000000000e+02 4.117453442668848385e-04 4.112827411038089739e-04 4.626031630758567360e-07
3.360000000000000000e+02 4.099787200411759047e-04 4.095207137847153844e-04 4.580062564604987600e-07
3.370000000000000000e+02 4.082241837583553746e-04 4.077707375861222864e-04 4.534461722331087722e-07
3.380000000000000000e+02 4.064816186547050877e-04 4.060326961275097127e-04 4.489225271953954998e-07
3.390000000000000000e+02 4.047509094279695078e-04 4.043064744848007892e-04 4.444349431687182170e-07
3.400000000000000000e+02 4.030319422148798320e-04 4.025919591679654255e-04 4.399830469144117030e-07
3.410000000000000000e+02 4.013246045690889593e-04 4.008890380990333445e-04 4.355664700556109241e-07
3.420000000000000000e+02 3.996287854395063114e-04 3.991976005905057746e-04 4.311848490005168895e-07
3.430000000000000000e+02 3.979443751490264916e-04 3.975175373241594053e-04 4.268378248670963756e-07
3.440000000000000000e+02 3.962740016489417331e-04 3.958510696006468216e-04 4.229320482949317440e-07
3.450000000000000000e+02 3.946147978903339899e-04 3.941957412630809352e-04 4.190566272530540462e-07
3.460000000000000000e+02 3.929666584461452279e-04 3.925514471921233818e-04 4.152112540218325585e-07
3.470000000000000000e+02 3.913294791786829457e-04 3.909180835538697421e-04 4.113956248131925509e-07
3.480000000000000000e+02 3.897031572202448854e-04 3.892955477805351843e-04 4.076094397097166360e-07
3.490000000000000000e+02 3.880875909540893332e-04 3.876837385514844496e-04 4.038524026048570008e-07
3.500000000000000000e+02 3.864826799957419559e-04 3.860825557745977245e-04 4.001242211442307298e-07
3.510000000000000000e+02 3.848883251746357042e-04 3.844919005679677351e-04 3.964246066679826011e-07
3.520000000000000000e+02 3.833044285160742428e-04 3.829116752419200434e-04 3.927532741541883566e-07
3.530000000000000000e+02 3.817308932235129963e-04 3.813417832813497136e-04 3.891099421632783288e-07
3.540000000000000000e+02 3.801676236611519584e-04 3.797821293283684934e-04 3.854943327834599853e-07
3.550000000000000000e+02 3.786145253368334326e-04 3.782326191652563311e-04 3.819061715771184245e-07
3.560000000000000000e+02 3.770715048852384707e-04 3.766931596977102898e-04 3.783451875281779896e-07
3.570000000000000000e+02 3.755384700513756660e-04 3.751636589383852737e-04 3.748111129903969955e-07
3.580000000000000000e+02 3.740153296743578570e-04 3.736440259907212558e-04 3.713036836365860918e-07
3.590000000000000000e+02 3.725019936714590429e-04 3.721341710330503373e-04 3.678226384087279745e-07
3.600000000000000000e+02 3.709983730224470657e-04 3.706340053029781112e-04 3.643677194689726130e-07
3.610000000000000000e+02 3.695043797541868011e-04 3.691434410820353161e-04 3.609386721515061379e-07
3.620000000000000000e+02 3.680199269255062682e-04 3.676623916805910009e-04 3.575352449152552209e-07
3.630000000000000000e+02 3.665449286123250079e-04 3.661907714230275778e-04 3.541571892974346766e-07
3.640000000000000000e+02 3.650792998930330198e-04 3.647284956331651334e-04 3.508042598678909043e-07
3.650000000000000000e+02 3.636229568341224822e-04 3.632754806199381967e-04 3.474762141842587988e-07
3.660000000000000000e+02 3.621758164760608681e-04 3.618316436633129828e-04 3.441728127478870795e-07
3.670000000000000000e+02 3.607438764146075113e-04 3.604026634587102350e-04 3.412129558972562257e-07
3.680000000000000000e+02 3.593209264620946452e-04 3.589826517896203633e-04 3.382746724742633073e-07
3.690000000000000000e+02 3.579068869905937785e-04 3.575715292332094981e-04 3.353577573842995063e-07
3.700000000000000000e+02 3.565016792859550211e-04 3.561692172779645392e-04 3.324620079904874812e-07
3.710000000000000000e+02 3.551052255349218837e-04 3.547756383108438961e-04 3.295872240779695056e-07
3.720000000000000000e+02 3.537174488124619418e-04 3.533907156046431179e-04 3.267332078188059992e-07
3.730000000000000000e+02 3.523382730693083221e-04 3.520143733055708575e-04 3.238997637374704755e-07
3.740000000000000000e+02 3.509676231197089236e-04 3.506465364210319732e-04 3.210866986769372550e-07
3.750000000000000000e+02 3.496054246293784371e-04 3.492871308076131052e-04 3.182938217653370600e-07
3.760000000000000000e+02 3.482516041036495336e-04 3.479360831592663355e-04 3.155209443831819745e-07
3.770000000000000000e+02 3.469060888758211062e-04 3.465933209956899557e-04 3.127678801311445231e-07
3.780000000000000000e+02 3.455688070956958137e-04 3.452587726508974525e-04 3.100344447983746677e-07
3.790000000000000000e+02 3.442396877183081724e-04 3.439323672619768249e-04 3.073204563313531362e-07
3.800000000000000000e+02 3.429186604928353911e-04 3.426140347580321015e-04 3.046257348032628692e-07
3.810000000000000000e+02 3.416056559516907304e-04 3.413037058493068412e-04 3.019501023838763111e-07
3.820000000000000000e+02 3.403006053997933707e-04 3.400013120164834370e-04 2.992933833099407027e-07
3.830000000000000000e+02 3.390034409040136500e-04 3.387067855001575731e-04 2.966554038560577239e-07
3.840000000000000000e+02 3.377140952827878710e-04 3.374200592904818175e-04 2.940359923060440392e-07
3.850000000000000000e+02 3.364325020959031643e-04 3.361410671169784035e-04 2.914349789247693579e-07
3.860000000000000000e+02 3.351585956344447126e-04 3.348697434385142636e-04 2.888521959304549630e-07
3.870000000000000000e+02 3.338923109109060913e-04 3.336060234334386381e-04 2.862874774674283137e-07
3.880000000000000000e+02 3.326335836494576331e-04 3.323498429898783272e-04 2.837406595793280585e-07
3.890000000000000000e+02 3.313823502763710792e-04 3.311011386961883098e-04 2.812115801827450577e-07
3.900000000000000000e+02 3.301385479105955318e-04 3.298598478315542580e-04 2.787000790412925348e-07
3.910000000000000000e+02 3.289074424031378056e-04 3.286309959736234015e-04 2.764464295144297710e-07
3.920000000000000000e+02 3.276836034234416393e-04 3.274093952194886688e-04 2.742082039529636400e-07
3.930000000000000000e+02 3.264669704935668315e-04 3.261949852289031007e-04 2.719852646637279911e-07
3.940000000000000000e+02 3.252574837876484170e-04 3.249877063121452158e-04 2.697774755031913806e-07
3.950000000000000000e+02 3.240550841232568767e-04 3.237874994214005788e-04 2.675847018563050704e-07
3.960000000000000000e+02 3.228597129528946856e-04 3.225943061422790028e-04 2.654068106156936524e-07
3.970000000000000000e+02 3.216713123556258383e-04 3.214080686854646745e-04 2.632436701611773917e-07
3.980000000000000000e+02 3.204898250288371595e-04 3.202287298784975227e-04 2.610951503396240123e-07
3.990000000000000000e+02 3.193151942801264660e-04 3.190562331576813292e-04 2.589611224451184916e-07
4.000000000000000000e+02 3.181473640193185556e-04 3.178905225601191256e-04 2.568414591994530856e-07
4.010000000000000000e+02 3.169862787506042001e-04 3.167315427158712672e-04 2.547360347329209099e-07
4.020000000000000000e+02 3.158318835648013263e-04 3.155792388402359140e-04 2.526447245654206989e-07
4.030000000000000000e+02 3.146841241317350807e-04 3.144335567261472009e-04 2.505674055878535276e-07
4.040000000000000000e+02 3.135429466927354761e-04 3.132944427366916407e-04 2.485039560438151471e-07
4.050000000000000000e+02 3.124082980532517516e-04 3.121618437977401574e-04 2.464542555115800172e-07
4.060000000000000000e+02 3.112801255755765634e-04 3.110357073906902200e-04 2.444181848863581900e-07
4.070000000000000000e+02 3.101583771716860216e-04 3.099159815453231726e-04 2.423956263628411895e-07
4.080000000000000000e+02 3.090430012961844618e-04 3.088026148327664613e-04 2.403864634180105788e-07
4.090000000000000000e+02 3.079339469393597506e-04 3.076955563585655282e-04 2.383905807942206999e-07
4.100000000000000000e+02 3.068311636203429455e-04 3.065947557558603852e-04 2.364078644825412148e-07
4.110000000000000000e+02 3.057346013803709543e-04 3.055001631786645900e-04 2.344382017063571984e-07
4.120000000000000000e+02 3.046442107761517058e-04 3.044117292952464634e-04 2.324814809052228897e-07
4.130000000000000000e+02 3.035599428733295546e-04 3.033294052816105945e-04 2.305375917189688396e-07
4.140000000000000000e+02 3.024817492400485360e-04 3.022531428150764909e-04 2.286064249720463863e-07
4.150000000000000000e+02 3.014095819406113546e-04 3.011828940679532347e-04 2.266878726581163669e-07
4.160000000000000000e+02 3.003481841515665321e-04 3.001232198731606528e-04 2.249642784058607381e-07
4.170000000000000000e+02 2.992926838374332875e-04 2.990694320634807563e-04 2.232517739525180795e-07
4.180000000000000000e+02 2.982430348159853918e-04 2.980214845497709516e-04 2.215502662144460385e-07
4.190000000000000000e+02 2.971991913734515350e-04 2.969793317103584037e-04 2.198596630931139413e-07
4.200000000000000000e+02 2.961611082586764095e-04 2.959429283852139676e-04 2.181798734624565913e-07
4.210000000000000000e+02 2.951287406773677705e-04 2.949122298702113376e-04 2.165108071564212703e-07
4.220000000000000000e+02 2.941020442864284443e-04 2.938871919114717404e-04 2.148523749566997891e-07
4.230000000000000000e+02 2.930809751883719280e-04 2.928677706997912986e-04 2.132044885806487132e-07
4.240000000000000000e+02 2.920654899258194668e-04 2.918539228651500887e-04 2.115670606693855052e-07
4.250000000000000000e+02 2.910555454760784476e-04 2.908456054713023519e-04 2.099400047760696127e-07
4.260000000000000000e+02 2.900510992457995584e-04 2.898427760104452006e-04 2.083232353543532532e-07
4.270000000000000000e+02 2.890521090657117401e-04 2.888453923979647378e-04 2.067166677470065821e-07
4.280000000000000000e+02 2.880585331854342251e-04 2.878534129672595337e-04 2.051202181747116856e-07
4.290000000000000000e+02 2.870703302683630604e-04 2.868667964646380445e-04 2.035338037250225642e-07
4.300000000000000000e+02 2.860874593866327112e-04 2.858855020442912218e-04 2.019573423414899979e-07
4.310000000000000000e+02 2.851098800161493856e-04 2.849094892633364617e-04 2.003907528129443557e-07
4.320000000000000000e+02 2.841375520316967830e-04 2.839387180769338700e-04 1.988339547629384417e-07
4.330000000000000000e+02 2.831704357021119366e-04 2.829731488334725673e-04 1.972868686393463012e-07
4.340000000000000000e+02 2.822084916855293604e-04 2.820127422698252449e-04 1.957494157041099924e-07
4.350000000000000000e+02 2.812516810246952362e-04 2.810574595066721087e-04 1.942215180231435099e-07
4.360000000000000000e+02 2.802999651423465979e-04 2.801072620438902015e-04 1.927030984563774476e-07
4.370000000000000000e+02 2.793533058366572488e-04 2.791621117560092943e-04 1.911940806479530834e-07
4.380000000000000000e+02 2.784116652767484055e-04 2.782219708877318553e-04 1.896943890165568862e-07
4.390000000000000000e+02 2.774750059982630389e-04 2.772868020495171480e-04 1.882039487458969542e-07
4.400000000000000000e+02 2.765432908990024486e-04 2.763565682132271295e-04 1.867226857753151103e-07
4.410000000000000000e+02 2.756164832346245279e-04 2.754312327078339861e-04 1.852505267905354759e-07
4.420000000000000000e+02 2.746945466144033949e-04 2.745107592151888715e-04 1.837873992145485169e-07
4.430000000000000000e+02 2.737817589929068948e-04 2.735992863523379671e-04 1.824726405689058276e-07
4.440000000000000000e+02 2.728737415406211992e-04 2.726925757118686916e-04 1.811658287525271327e-07
4.450000000000000000e+02 2.719704591428174752e-04 2.717905922417148150e-04 1.798669011026608069e-07
4.460000000000000000e+02 2.710718770195601180e-04 2.708933012239805155e-04 1.785757955796186847e-07
4.470000000000000000e+02 2.701779607217845414e-04 2.700006682710252718e-04 1.772924507592611580e-07
4.480000000000000000e+02 2.692886761274291781e-04 2.691126593216036146e-04 1.760168058255885226e-07
4.490000000000000000e+02 2.684039894376208770e-04 2.682292406370574635e-04 1.747488005634362723e-07
4.500000000000000000e+02 2.675238671729140765e-04 2.673503787975627815e-04 1.734883753512773566e-07
4.510000000000000000e+02 2.666482761695803403e-04 2.664760406984262114e-04 1.722354711541211335e-07
4.520000000000000000e+02 2.657771835759507460e-04 2.656061935464342416e-04 1.709900295165161621e-07
4.530000000000000000e+02 2.649105568488070652e-04 2.647408048562514328e-04 1.697519925556493462e-07
4.540000000000000000e+02 2.640483637498233023e-04 2.638798424468687337e-04 1.685213029545419566e-07
4.550000000000000000e+02 2.631905723420556453e-04 2.630232744381003161e-04 1.672979039553421891e-07
4.560000000000000000e+02 2.623371509864803365e-04 2.621710692471276253e-04 1.660817393527087253e-07
4.570000000000000000e+02 2.614880683385790864e-04 2.613231955850917878e-04 1.648727534872902202e-07
4.580000000000000000e+02 2.606432933449700238e-04 2.604796224537307410e-04 1.636708912392914781e-07
4.590000000000000000e+02 2.598027952400855920e-04 2.596403191420634717e-04 1.624760980221314787e-07
4.600000000000000000e+02 2.589665435428941927e-04 2.588052552231180029e-04 1.612883197761878003e-07
4.610000000000000000e+02 2.581345080536670404e-04 2.579744005507044282e-04 1.601075029626291087e-07
4.620000000000000000e+02 2.573066588507881146e-04 2.571477252562307729e-04 1.589335945573300986e-07
4.630000000000000000e+02 2.564829662876070464e-04 2.563251997455621685e-04 1.577665420448723831e-07
4.640000000000000000e+02 2.556634009893347221e-04 2.555067946959220949e-04 1.566062934126270151e-07
4.650000000000000000e+02 2.548479338499797073e-04 2.546924810528347670e-04 1.554527971449175572e-07
4.660000000000000000e+02 2.540365360293260336e-04 2.538822300271087766e-04 1.543060022172627460e-07
4.670000000000000000e+02 2.532291789499514800e-04 2.530760130918607940e-04 1.531658580906992533e-07
4.680000000000000000e+02 2.524258342942853730e-04 2.522738019795791697e-04 1.520323147061803102e-07
4.690000000000000000e+02 2.516264740017050395e-04 2.514755686792259702e-04 1.509053224790503793e-07
4.700000000000000000e+02 2.508310702656711818e-04 2.506812854333776114e-04 1.497848322935946032e-07
4.710000000000000000e+02 2.500435085913383466e-04 2.498947301029455113e-04 1.487784883928611673e-07
4.720000000000000000e+02 2.492598237490929107e-04 2.491120458836520849e-04 1.477778654408070116e-07
4.730000000000000000e+02 2.484799888705036203e-04 2.483332059495045162e-04 1.467829209991118358e-07
4.740000000000000000e+02 2.477039773282901252e-04 2.475581837152636411e-04 1.457936130264882695e-07
4.750000000000000000e+02 2.469317627336631597e-04 2.467869528337890070e-04 1.448098998741756832e-07
4.760000000000000000e+02 2.461633189336994180e-04 2.460194871934179230e-04 1.438317402814921799e-07
4.770000000000000000e+02 2.453986200087513413e-04 2.452557609153799083e-04 1.428590933714498237e-07
4.780000000000000000e+02 2.446376402698900265e-04 2.444957483512436133e-04 1.418919186464240509e-07
4.790000000000000000e+02 2.438803542563818276e-04 2.437394240803979466e-04 1.409301759838843067e-07
4.800000000000000000e+02 2.431267367331970211e-04 2.429867629075648341e-04 1.399738256321776209e-07
4.810000000000000000e+02 2.423767626885518387e-04 2.422377398603454794e-04 1.390228282063720585e-07
4.820000000000000000e+02 2.416304073314812369e-04 2.414923301867970913e-04 1.380771446841513363e-07
4.830000000000000000e+02 2.408876460894434875e-04 2.407505093530417294e-04 1.371367364017658464e-07
4.840000000000000000e+02 2.401484546059550992e-04 2.400122530409050750e-04 1.362015650500353756e-07
4.850000000000000000e+02 2.394128087382573974e-04 2.392775371455869949e-04 1.352715926704069877e-07
4.860000000000000000e+02 2.386806845550108877e-04 2.385463377733598354e-04 1.343467816510602331e-07
4.870000000000000000e+02 2.379520583340211408e-04 2.378186312392980748e-04 1.334270947230671255e-07
4.880000000000000000e+02 2.372269065599925703e-04 2.370943940650359772e-04 1.325124949566005047e-07
4.890000000000000000e+02 2.365052059223113476e-04 2.363736029765541665e-04 1.316029457571924006e-07
4.900000000000000000e+02 2.357869333128560178e-04 2.356562349019939828e-04 1.306984108620399376e-07
4.910000000000000000e+02 2.350720658238361160e-04 2.349422669694997581e-04 1.297988543363597575e-07
4.920000000000000000e+02 2.343605807456585659e-04 2.342316765050887653e-04 1.289042405697909087e-07
4.930000000000000000e+02 2.336524555648202884e-04 2.335244410305474592e-04 1.280145342728417817e-07
4.940000000000000000e+02 2.329476679618280247e-04 2.328205382613546335e-04 1.271297004733845304e-07
4.950000000000000000e+02 2.322461958091439629e-04 2.321199461046307604e-04 1.262497045131946779e-07
4.960000000000000000e+02 2.315480171691570868e-04 2.314226426571125656e-04 1.253745120445331006e-07
4.970000000000000000e+02 2.308531102921806554e-04 2.307286062031538678e-04 1.245040890267751809e-07
4.980000000000000000e+02 2.301614536144736683e-04 2.300378152127505963e-04 1.236384017230797709e-07
4.990000000000000000e+02 2.294730257562878665e-04 2.293502483395907718e-04 1.227774166971024396e-07
5.000000000000000000e+02 2.287878055199389898e-04 2.286658844191292344e-04 1.219211008097511783e-07
5.010000000000000000e+02 2.281057718879013463e-04 2.279847024666853568e-04 1.210694212159808306e-07
5.020000000000000000e+02 2.274304334701137624e-04 2.273101285634850164e-04 1.203049066287380984e-07
5.030000000000000000e+02 2.267582191111453243e-04 2.266386746398807244e-04 1.195444712646056973e-07
5.040000000000000000e+02 2.260891084757997503e-04 2.259703203890777693e-04 1.187880867219679889e-07
5.050000000000000000e+02 2.254230814002755037e-04 2.253050456754268724e-04 1.180357248486264316e-07
5.060000000000000000e+02 2.247601178903908998e-04 2.246428305326517616e-04 1.172873577391425041e-07
5.070000000000000000e+02 2.241001981198306801e-04 2.239836551620984554e-04 1.165429577322126843e-07
5.080000000000000000e+02 2.234433024284141346e-04 2.233274999310060690e-04 1.158024974080776404e-07
5.090000000000000000e+02 2.227894113203846102e-04 2.226743453707986540e-04 1.150659495859626292e-07
5.100000000000000000e+02 2.221385054627194569e-04 2.220241721753979088e-04 1.143332873215504003e-07
5.110000000000000000e+02 2.214905656834611689e-04 2.213769611995566780e-04 1.136044839044857307e-07
5.120000000000000000e+02 2.208455729700684489e-04 2.207326934572125378e-04 1.128795128559108242e-07
5.130000000000000000e+02 2.202035084677873302e-04 2.200913501198613028e-04 1.121583479260307660e-07
5.140000000000000000e+02 2.195643534780420303e-04 2.194529125149503196e-04 1.114409630917098023e-07
5.150000000000000000e+02 2.189280894568456737e-04 2.188173621242915743e-04 1.107273325540976100e-07
5.160000000000000000e+02 2.182946980132294994e-04 2.181846805824932045e-04 1.100174307362833992e-07
5.170000000000000000e+02 2.176641609076914222e-04 2.175548496754104453e-04 1.093112322809804160e-07
5.180000000000000000e+02 2.170364600506635125e-04 2.169278513386152778e-04 1.086087120482384643e-07
5.190000000000000000e+02 2.164115775009972035e-04 2.163036676558840218e-04 1.079098451131837833e-07
5.200000000000000000e+02 2.157894954644672006e-04 2.156822808577034129e-04 1.072146067637877777e-07
5.210000000000000000e+02 2.151701962922930361e-04 2.150636733197943806e-04 1.065229724986621113e-07
5.220000000000000000e+02 2.145536624796783780e-04 2.144478275616534975e-04 1.058349180248808398e-07
5.230000000000000000e+02 2.139398766643676856e-04 2.138347262451118587e-04 1.051504192558296619e-07
5.240000000000000000e+02 2.133288216252199961e-04 2.132243521729109271e-04 1.044694523090803430e-07
5.250000000000000000e+02 2.127204802807995698e-04 2.126166882872952669e-04 1.037919935042913966e-07
5.260000000000000000e+02 2.121148356879835580e-04 2.120117176686224330e-04 1.031180193611347206e-07
5.270000000000000000e+02 2.115118710405859605e-04 2.114094235339887182e-04 1.024475065972467162e-07
5.280000000000000000e+02 2.109115696679974943e-04 2.108097892358712984e-04 1.017804321262035491e-07
5.290000000000000000e+02 2.103139150338419140e-04 2.102127982607863966e-04 1.011167730555218601e-07
5.300000000000000000e+02 2.097188907346481362e-04 2.096184342279634662e-04 1.004565066846832462e-07
5.310000000000000000e+02 2.091264804985375138e-04 2.090266808880343369e-04 9.979961050318182324e-08
5.320000000000000000e+02 2.085366681839270764e-04 2.084375221217384870e-04 9.914606218859588904e-08
5.330000000000000000e+02 2.079494377782474339e-04 2.078509419386427636e-04 9.849583960468236421e-08
5.340000000000000000e+02 2.073679734292383338e-04 2.072700615054101257e-04 9.791192382820092542e-08
5.350000000000000000e+02 2.067890414074931857e-04 2.066917104706101629e-04 9.733093688301333780e-08
5.360000000000000000e+02 2.062126262026196485e-04 2.061158733430241074e-04 9.675285959553847345e-08
5.370000000000000000e+02 2.056387124272210430e-04 2.055425347542705057e-04 9.617767295053673781e-08
5.380000000000000000e+02 2.050672848156977668e-04 2.049716794576082323e-04 9.560535808952278292e-08
5.390000000000000000e+02 2.044983282230622879e-04 2.044032923267530830e-04 9.503589630919694791e-08
5.400000000000000000e+02 2.039318276237688031e-04 2.038373583547088968e-04 9.446926905989653872e-08
5.410000000000000000e+02 2.033677681105551744e-04 2.032738626526111182e-04 9.390545794406365134e-08
5.420000000000000000e+02 2.028061348932987974e-04 2.027127904485840758e-04 9.334444471473147103e-08
5.430000000000000000e+02 2.022469132978861855e-04 2.021541270866121650e-04 9.278621127403004000e-08
5.440000000000000000e+02 2.016900887650938828e-04 2.015978580254221709e-04 9.223073967170622616e-08
5.450000000000000000e+02 2.011356468494837982e-04 2.010439688373801470e-04 9.167801210366388832e-08
5.460000000000000000e+02 2.005835732183105461e-04 2.004924452074000301e-04 9.112801091051979084e-08
5.470000000000000000e+02 2.000338536504408496e-04 1.999432729318646696e-04 9.058071857617636645e-08
5.480000000000000000e+02 1.994864740352856008e-04 1.993964379175591892e-04 9.003611772641094306e-08
5.490000000000000000e+02 1.989414203717444177e-04 1.988519261806169253e-04 8.949419112748229523e-08
5.500000000000000000e+02 1.983986787671612587e-04 1.983097238454765065e-04 8.895492168475158185e-08
5.510000000000000000e+02 1.978582354362925339e-04 1.977698171438512106e-04 8.841829244132083334e-08
5.520000000000000000e+02 1.973200767002870871e-04 1.972321924137104105e-04 8.788428657668712217e-08
5.530000000000000000e+02 1.967841889856764242e-04 1.966968360982710232e-04 8.735288740540991532e-08
5.540000000000000000e+02 1.962505588233780880e-04 1.961637347450022925e-04 8.682407837579747179e-08
5.550000000000000000e+02 1.957191728477085727e-04 1.956328750046399789e-04 8.629784306860487354e-08
5.560000000000000000e+02 1.951900177954082741e-04 1.951042436302125288e-04 8.577416519574889122e-08
5.570000000000000000e+02 1.946630805046771734e-04 1.945778274760781405e-04 8.525302859903713033e-08
5.580000000000000000e+02 1.941383479142212265e-04 1.940536134969723199e-04 8.473441724891172256e-08
5.590000000000000000e+02 1.936158070623090815e-04 1.935315887470658708e-04 8.421831524320649025e-08
5.600000000000000000e+02 1.930954450858399360e-04 1.930117403790340268e-04 8.370470680591991322e-08
5.610000000000000000e+02 1.925772492194212056e-04 1.924940556431352042e-04 8.319357628600029831e-08
5.620000000000000000e+02 1.920612067944566295e-04 1.919785218863004892e-04 8.268490815614594392e-08
5.630000000000000000e+02 1.915473052382445660e-04 1.914651265512329369e-04 8.217868701161812925e-08
5.640000000000000000e+02 1.910355320730861006e-04 1.909538571755170348e-04 8.167489756906825158e-08
5.650000000000000000e+02 1.905258749154029670e-04 1.904447013907375986e-04 8.117352466537708674e-08
5.660000000000000000e+02 1.900183214748653868e-04 1.899376469216088872e-04 8.067455325650826381e-08
5.670000000000000000e+02 1.895128595535292893e-04 1.894326815851129055e-04 8.017796841637388956e-08
5.680000000000000000e+02 1.890094770449828000e-04 1.889297932896470862e-04 7.968375533571282526e-08
5.690000000000000000e+02 1.885112100352593246e-04 1.884319696732052825e-04 7.924036205404083744e-08
5.700000000000000000e+02 1.880149824587848916e-04 1.879361834025179289e-04 7.879905626696553586e-08
5.710000000000000000e+02 1.875207825816790864e-04 1.874424227565329993e-04 7.835982514609835572e-08
5.720000000000000000e+02 1.870285987574552640e-04 1.869506761014927616e-04 7.792265596251061148e-08
5.730000000000000000e+02 1.865384194262207057e-04 1.864609318901349103e-04 7.748753608579745921e-08
5.740000000000000000e+02 1.860502331138858293e-04 1.859731786609026714e-04 7.705445298315312195e-08
5.750000000000000000e+02 1.855640284313813141e-04 1.854874050371628481e-04 7.662339421845485000e-08
5.760000000000000000e+02 1.850797940738839800e-04 1.850035997264326223e-04 7.619434745135801183e-08
5.770000000000000000e+02 1.845975188200512328e-04 1.845217515196148400e-04 7.576730043640103170e-08
5.780000000000000000e+02 1.841171915312634234e-04 1.840418492902412919e-04 7.534224102211986969e-08
5.790000000000000000e+02 1.836388011508745830e-04 1.835638819937243974e-04 7.491915715017254692e-08
5.800000000000000000e+02 1.831623367034711540e-04 1.830878386666166943e-04 7.449803685447318674e-08
5.810000000000000000e+02 1.826877872941385815e-04 1.826137084258782435e-04 7.407886826033528062e-08
5.820000000000000000e+02 1.822151421077357922e-04 1.821414804681521652e-04 7.366163958362460224e-08
5.830000000000000000e+02 1.817443904081779134e-04 1.816711440690479810e-04 7.324633912992202132e-08
5.840000000000000000e+02 1.812755215377254159e-04 1.812026885824317328e-04 7.283295529369333190e-08
5.850000000000000000e+02 1.808085249162824995e-04 1.807361034397250189e-04 7.242147655747092588e-08
5.860000000000000000e+02 1.803433900407015234e-04 1.802713781492104811e-04 7.201189149104230899e-08
5.870000000000000000e+02 1.798801064840952965e-04 1.798085022953446375e-04 7.160418875064757680e-08
5.880000000000000000e+02 1.794186638951573098e-04 1.793474655380791175e-04 7.119835707818743885e-08
5.890000000000000000e+02 1.789590519974879317e-04 1.788882576121875081e-04 7.079438530043694715e-08
5.900000000000000000e+02 1.785012605889288982e-04 1.784308683266006294e-04 7.039226232827011688e-08
5.910000000000000000e+02 1.780452795409038190e-04 1.779752875637479359e-04 6.999197715589149548e-08
5.920000000000000000e+02 1.775910987977667894e-04 1.775215052789067243e-04 6.959351886007718141e-08
5.930000000000000000e+02 1.771387083761562329e-04 1.770695114995568162e-04 6.919687659942206333e-08
5.940000000000000000e+02 1.766880983643574711e-04 1.766192963247438606e-04 6.880203961359772661e-08
5.950000000000000000e+02 1.762392589216701195e-04 1.761708499244475147e-04 6.840899722261587871e-08
5.960000000000000000e+02 1.757921802777836411e-04 1.757241625389575402e-04 6.801773882610130384e-08
5.970000000000000000e+02 1.753468527321581580e-04 1.752792244782555911e-04 6.762825390257163340e-08
5.980000000000000000e+02 1.749032666534127724e-04 1.748360261214040488e-04 6.724053200872537515e-08
5.990000000000000000e+02 1.744614124787192803e-04 1.743945579159405493e-04 6.685456277873679796e-08
6.000000000000000000e+02 1.740212807132032042e-04 1.739548103772796395e-04 6.647033592355951188e-08
6.010000000000000000e+02 1.735828619293501378e-04 1.735167740881199080e-04 6.608784123023601722e-08
6.020000000000000000e+02 1.731461467664187868e-04 1.730804396978575675e-04 6.570706856121551216e-08
6.030000000000000000e+02 1.727111259298597275e-04 1.726457979220060541e-04 6.532800785367834422e-08
6.040000000000000000e+02 1.722777901907407254e-04 1.722128395416218610e-04 6.495064911886845568e-08
6.050000000000000000e+02 1.718461303851771501e-04 1.717815554027357118e-04 6.457498244143145381e-08
6.060000000000000000e+02 1.714187954331692330e-04 1.713545578186849872e-04 6.423761448423523497e-08
6.070000000000000000e+02 1.709931051466177115e-04 1.709292034085679055e-04 6.390173804980672969e-08
6.080000000000000000e+02 1.705690506326078607e-04 1.705054832880779545e-04 6.356734452991191802e-08
6.090000000000000000e+02 1.701466230604630663e-04 1.700833886350840661e-04 6.323442537900320029e-08
6.100000000000000000e+02 1.697258136612096627e-04 1.696629106890959959e-04 6.290297211366530519e-08
6.110000000000000000e+02 1.693066137270474083e-04 1.692440407507353408e-04 6.257297631206728592e-08
6.120000000000000000e+02 1.688890146108249488e-04 1.688267701812115173e-04 6.224442961341954563e-08
6.130000000000000000e+02 1.684730077255206199e-04 1.684110904018031876e-04 6.191732371743695088e-08
6.140000000000000000e+02 1.680585845437291583e-04 1.679969928933453503e-04 6.159165038380764929e-08
6.150000000000000000e+02 1.676457365971524528e-04 1.675844691957207959e-04 6.126740143166670479e-08
6.160000000000000000e+02 1.672344554760967449e-04 1.671735109073576599e-04 6.094456873907599289e-08
6.170000000000000000e+02 1.668247328289738961e-04 1.667641096847313948e-04 6.062314424250878117e-08
6.180000000000000000e+02 1.664165603618085638e-04 1.663562572418722171e-04 6.030311993634043741e-08
6.190000000000000000e+02 1.660099298377489820e-04 1.659499453498766469e-04 5.998448787234287013e-08
6.200000000000000000e+02 1.656048330765846270e-04 1.655451658364254447e-04 5.966724015918624815e-08
6.210000000000000000e+02 1.652012619542669186e-04 1.651419105853049632e-04 5.935136896194404884e-08
6.220000000000000000e+02 1.647992084024355866e-04 1.647401715359339742e-04 5.903686650160389656e-08
6.230000000000000000e+02 1.643986644079497531e-04 1.643399406828951581e-04 5.872372505458350984e-08
6.240000000000000000e+02 1.639996220124235690e-04 1.639412100754713089e-04 5.841193695225137995e-08
6.250000000000000000e+02 1.636020733117665661e-04 1.635439718171861206e-04 5.810149458045249205e-08
6.260000000000000000e+02 1.632060104557281842e-04 1.631482180653491478e-04 5.779239037903821524e-08
6.270000000000000000e+02 1.628114256474476643e-04 1.627539410306062676e-04 5.748461684140225430e-08
6.280000000000000000e+02 1.624183111430076284e-04 1.623611329764936126e-04 5.717816651402019457e-08
6.290000000000000000e+02 1.620266592509922129e-04 1.619697862189962187e-04 5.687303199599373209e-08
6.300000000000000000e+02 1.616364623320502706e-04 1.615798931261116611e-04 5.656920593860064762e-08
6.310000000000000000e+02 1.612477127984617714e-04 1.611914461174169155e-04 5.626668104484771225e-08
6.320000000000000000e+02 1.608604031137092711e-04 1.608044376636402339e-04 5.596545006902912511e-08
6.330000000000000000e+02 1.604745257920537444e-04 1.604188602862374649e-04 5.566550581628986129e-08
6.340000000000000000e+02 1.600900733981135626e-04 1.600347065569713840e-04 5.536684114219146156e-08
6.350000000000000000e+02 1.597070385464489722e-04 1.596519690974966879e-04 5.506944895228455208e-08
6.360000000000000000e+02 1.593254139011493942e-04 1.592706405789476992e-04 5.477332220168397130e-08
6.370000000000000000e+02 1.589451921754257094e-04 1.588907137215310591e-04 5.447845389464884019e-08
6.380000000000000000e+02 1.585663661312060140e-04 1.585121812941218348e-04 5.418483708416651022e-08
6.390000000000000000e+02 1.581889285787353315e-04 1.581350361138638013e-04 5.389246487154115681e-08
6.400000000000000000e+02 1.578128723761796628e-04 1.577592710457736806e-04 5.360133040598583372e-08
6.410000000000000000e+02 1.574381904292332607e-04 1.573848790023490399e-04 5.331142688421908019e-08
6.420000000000000000e+02 1.570648756907301602e-04 1.570118529431800930e-04 5.302274755006522731e-08
6.430000000000000000e+02 1.566929211602595309e-04 1.566401858745654590e-04 5.273528569405890642e-08
6.440000000000000000e+02 1.563223198837840105e-04 1.562698708491309571e-04 5.244903465305302502e-08
6.450000000000000000e+02 1.559555999527177347e-04 1.559034080245976037e-04 5.219192812014170267e-08
6.460000000000000000e+02 1.555902077357827784e-04 1.555382718462897150e-04 5.193588949306676285e-08
6.470000000000000000e+02 1.552261364824973763e-04 1.551744555695170626e-04 5.168091298030117025e-08
6.480000000000000000e+02 1.548633794867980895e-04 1.548119524939681440e-04 5.142699282995349927e-08
6.490000000000000000e+02 1.545019300866803654e-04 1.544507559633509323e-04 5.117412332943814050e-08
6.500000000000000000e+02 1.541417816638433801e-04 1.540908593650382337e-04 5.092229880515013263e-08
6.510000000000000000e+02 1.537829276433371850e-04 1.537322561297150506e-04 5.067151362214136433e-08
6.520000000000000000e+02 1.534253614932141357e-04 1.533749397310303359e-04 5.042176218380133539e-08
6.530000000000000000e+02 1.530690767241834108e-04 1.530189036852518645e-04 5.017303893154074368e-08
6.540000000000000000e+02 1.527140668892682689e-04 1.526641415509237879e-04 4.992533834447734836e-08
6.550000000000000000e+02 1.523603255834675332e-04 1.523106469285284172e-04 4.967865493912610805e-08
6.560000000000000000e+02 1.520078464434195160e-04 1.519584134601504189e-04 4.943298326909119168e-08
6.570000000000000000e+02 1.516566231470693315e-04 1.516074348291445611e-04 4.918831792476186725e-08
6.580000000000000000e+02 1.513066494133396775e-04 1.512577047598066577e-04 4.894465353301074629e-08
6.590000000000000000e+02 1.509579190018043551e-04 1.509092170170474680e-04 4.870198475689538342e-08
6.600000000000000000e+02 1.506104257123650413e-04 1.505619654060696858e-04 4.846030629536219206e-08
6.610000000000000000e+02 1.502641633849309609e-04 1.502159437720480177e-04 4.821961288295378786e-08
6.620000000000000000e+02 1.499191258991017575e-04 1.498711459998122448e-04 4.797989928951868146e-08
6.630000000000000000e+02 1.495753071738535362e-04 1.495275660135336163e-04 4.774116031992439896e-08
6.640000000000000000e+02 1.492327011672271546e-04 1.491851977764133857e-04 4.750339081377242892e-08
6.650000000000000000e+02 1.488913018760201204e-04 1.488440352903750059e-04 4.726658564511661031e-08
6.660000000000000000e+02 1.485511033354812525e-04 1.485040725957590616e-04 4.703073972218416096e-08
6.670000000000000000e+02 1.482120996190078365e-04 1.481653037710207500e-04 4.679584798709902859e-08
6.680000000000000000e+02 1.478742848378459781e-04 1.478277229324303696e-04 4.656190541560790878e-08
6.690000000000000000e+02 1.475376531407936133e-04 1.474913242337767914e-04 4.632890701680932676e-08
6.700000000000000000e+02 1.472021987139064724e-04 1.471561018660735853e-04 4.609684783288507503e-08
6.710000000000000000e+02 1.468679157802061047e-04 1.468220500572672621e-04 4.586572293883350386e-08
6.720000000000000000e+02 1.465347985993917246e-04 1.464891630719495253e-04 4.563552744220669625e-08
6.730000000000000000e+02 1.462028414675536838e-04 1.461574352110708256e-04 4.540625648284880088e-08
6.740000000000000000e+02 1.458720387168901153e-04 1.458268608116574652e-04 4.517790523263777311e-08
6.750000000000000000e+02 1.455423847154262607e-04 1.454974342465310334e-04 4.495046889522898874e-08
6.760000000000000000e+02 1.452138738667361009e-04 1.451691499240303086e-04 4.472394270580172298e-08
6.770000000000000000e+02 1.448865006096666710e-04 1.448420022877358712e-04 4.449832193080746265e-08
6.780000000000000000e+02 1.445602594180649494e-04 1.445159858161972370e-04 4.427360186772111004e-08
6.790000000000000000e+02 1.442351448005072413e-04 1.441910950226624568e-04 4.404977784479416549e-08
6.800000000000000000e+02 1.439111513000310822e-04 1.438673244548102647e-04 4.382684522081066274e-08
6.810000000000000000e+02 1.435882734938694191e-04 1.435446686944845840e-04 4.360479938484454698e-08
6.820000000000000000e+02 1.432665059931873929e-04 1.432231223574313640e-04 4.338363575602032846e-08
6.830000000000000000e+02 1.429458434428217237e-04 1.429026800930384531e-04 4.316334978327546328e-08
6.840000000000000000e+02 1.426262805210218570e-04 1.425833365840767451e-04 4.294393694512465324e-08
6.850000000000000000e+02 1.423078119391939570e-04 1.422650865464445248e-04 4.272539274942681914e-08
6.860000000000000000e+02 1.419904324416474198e-04 1.419479247289142526e-04 4.250771273315444312e-08
6.870000000000000000e+02 1.416764071602660911e-04 1.416340950292278877e-04 4.231213103820337038e-08
6.880000000000000000e+02 1.413634506520851830e-04 1.413213333399897774e-04 4.211731209541861826e-08
6.890000000000000000e+02 1.410515578112827347e-04 1.410096345592623589e-04 4.192325202036461611e-08
6.900000000000000000e+02 1.407407235636005396e-04 1.406989936166469686e-04 4.172994695357176514e-08
6.910000000000000000e+02 1.404309428661043742e-04 1.403894054730440435e-04 4.153739306034124364e-08
6.920000000000000000e+02 1.401222107069467206e-04 1.400808651204161689e-04 4.134558653055268420e-08
6.930000000000000000e+02 1.398145221051306814e-04 1.397733675815522104e-04 4.115452357847206267e-08
6.940000000000000000e+02 1.395078721102772283e-04 1.394669079098346707e-04 4.096420044256297523e-08
6.950000000000000000e+02 1.392022558023937526e-04 1.391614811890084570e-04 4.077461338529849781e-08
6.960000000000000000e+02 1.388976682916446474e-04 1.388570825329516801e-04 4.058575869297507710e-08
6.970000000000000000e+02 1.385941047181246015e-04 1.385537070854490839e-04 4.039763267552854570e-08
6.980000000000000000e+02 1.382915602516332477e-04 1.382513500199668830e-04 4.021023166635111670e-08
6.990000000000000000e+02 1.379900300914519795e-04 1.379500065394298784e-04 4.002355202211049581e-08
7.000000000000000000e+02 1.376895094661232625e-04 1.376496718760006864e-04 3.983759012257065449e-08
7.010000000000000000e+02 1.373899936332309199e-04 1.373503412908605133e-04 3.965234237041387362e-08
7.020000000000000000e+02 1.370914778791835912e-04 1.370520100739925317e-04 3.946780519106495770e-08
7.030000000000000000e+02 1.367939575189988937e-04 1.367546735439663678e-04 3.928397503251630268e-08
7.040000000000000000e+02 1.364974278960905129e-04 1.364583270477253546e-04 3.910084836515545197e-08
7.050000000000000000e+02 1.362018843820563766e-04 1.361629659603747866e-04 3.891842168159314215e-08
7.060000000000000000e+02 1.359073223764694575e-04 1.358685856849729671e-04 3.873669149649412134e-08
7.070000000000000000e+02 1.356137373066695255e-04 1.355751816523231227e-04 3.855565434640815955e-08
7.080000000000000000e+02 1.353211246275578812e-04 1.352827493207682725e-04 3.837530678960397723e-08
7.090000000000000000e+02 1.350294798213925226e-04 1.349912841759866116e-04 3.819564540590324011e-08
7.100000000000000000e+02 1.347387983975863754e-04 1.347007817307898498e-04 3.801666679651729356e-08
7.110000000000000000e+02 1.344490758925067156e-04 1.344112375249228238e-04 3.783836758388468446e-08
7.120000000000000000e+02 1.341603078692760014e-04 1.341226471248644920e-04 3.766074441150996689e-08
7.130000000000000000e+02 1.338724899175753073e-04 1.338350061236315042e-04 3.748379394380475107e-08
7.140000000000000000e+02 1.335856176534487073e-04 1.335483101405827739e-04 3.730751286592929500e-08
7.150000000000000000e+02 1.332996867191096630e-04 1.332625548212260297e-04 3.713189788363596877e-08
7.160000000000000000e+02 1.330146927827494184e-04 1.329777358370262913e-04 3.695694572311410197e-08
7.170000000000000000e+02 1.327306315383463696e-04 1.326938488852155370e-04 3.678265313083617438e-08
7.180000000000000000e+02 1.324474987054776311e-04 1.324108896886042161e-04 3.660901687340504568e-08
7.190000000000000000e+02 1.321652900291319559e-04 1.321288539953945486e-04 3.643603373740312403e-08
7.200000000000000000e+02 1.318840012795246901e-04 1.318477375789954521e-04 3.626370052924252722e-08
7.210000000000000000e+02 1.316036282519137020e-04 1.315675362378386883e-04 3.609201407501638872e-08
7.220000000000000000e+02 1.313241667664173987e-04 1.312882457951970424e-04 3.592097122035195702e-08
7.230000000000000000e+02 1.310456126678339358e-04 1.310098620990036674e-04 3.575056883026440962e-08
7.240000000000000000e+02 1.307679618254626490e-04 1.307323810216736251e-04 3.558080378901274498e-08
7.250000000000000000e+02 1.304912101329259468e-04 1.304557984599259951e-04 3.541167299995587293e-08
7.260000000000000000e+02 1.302153535079940221e-04 1.301801103346086137e-04 3.524317338541111382e-08
7.270000000000000000e+02 1.299403878924097809e-04 1.299053125905232737e-04 3.507530188651296242e-08
7.280000000000000000e+02 1.296663092517163455e-04 1.296314011962532815e-04 3.490805546307375100e-08
7.290000000000000000e+02 1.293931135750852896e-04 1.293583721439918552e-04 3.474143109344517927e-08
7.300000000000000000e+02 1.291207968751468800e-04 1.290862214493725016e-04 3.457542577438120758e-08
7.310000000000000000e+02 1.288513377990498576e-04 1.288169116501797662e-04 3.442614887009852879e-08
7.320000000000000000e+02 1.285827416710033362e-04 1.285484642519579520e-04 3.427741904537286272e-08
7.330000000000000000e+02 1.283150046136356391e-04 1.282808753799541098e-04 3.412923368153156903e-08
7.340000000000000000e+02 1.280481227721166015e-04 1.280141411819408917e-04 3.398159017572316013e-08
7.350000000000000000e+02 1.277820923139962137e-04 1.277482578280554116e-04 3.383448594080112523e-08
7.360000000000000000e+02 1.275169094290451899e-04 1.274832215106399755e-04 3.368791840520909126e-08
7.370000000000000000e+02 1.272525703290967555e-04 1.272190284440838967e-04 3.354188501286673148e-08
7.380000000000000000e+02 1.269890712478893564e-04 1.269556748646663135e-04 3.339638322305635574e-08
7.390000000000000000e+02 1.267264084409113747e-04 1.266931570304010671e-04 3.325141051031130720e-08
7.400000000000000000e+02 1.264645781852465208e-04 1.264314712208822297e-04 3.310696436430440553e-08
7.410000000000000000e+02 1.262035767794210427e-04 1.261706137371313135e-04 3.296304228973804432e-08
7.420000000000000000e+02 1.259434005432517748e-04 1.259105809014455363e-04 3.281964180623475843e-08
7.430000000000000000e+02 1.256840458176958404e-04 1.256513690572476057e-04 3.267676044822906185e-08
7.440000000000000000e+02 1.254255089647013843e-04 1.253929745689365326e-04 3.253439576485998036e-08
7.450000000000000000e+02 1.251677863670595521e-04 1.251353938217396918e-04 3.239254531986451073e-08
7.460000000000000000e+02 1.249108744282579329e-04 1.248786232215664551e-04 3.225120669147239666e-08
7.470000000000000000e+02 1.246547695723347615e-04 1.246226591948624738e-04 3.211037747230093792e-08
7.480000000000000000e+02 1.243994682437350719e-04 1.243674981884658329e-04 3.197005526925180453e-08
7.490000000000000000e+02 1.241449669071673383e-04 1.241131366694639361e-04 3.183023770340782445e-08
7.500000000000000000e+02 1.238912620474615534e-04 1.238595711250516107e-04 3.169092240993087642e-08
7.510000000000000000e+02 1.236383501694286074e-04 1.236067980623906494e-04 3.155210703796110627e-08
7.520000000000000000e+02 1.233862277977208321e-04 1.233548140084703279e-04 3.141378925051626235e-08
7.530000000000000000e+02 1.231348914766935759e-04 1.231036155099691956e-04 3.127596672439265224e-08
7.540000000000000000e+02 1.228843377702677807e-04 1.228531991331177078e-04 3.113863715006607957e-08
7.550000000000000000e+02 1.226345632617941589e-04 1.226035614635625646e-04 3.100179823159452130e-08
7.560000000000000000e+02 1.223855645539178845e-04 1.223546991062313756e-04 3.086544768652083802e-08
7.570000000000000000e+02 1.221373382684452097e-04 1.221066086851994381e-04 3.072958324577692026e-08
7.580000000000000000e+02 1.218898810462100939e-04 1.218592868435565028e-04 3.059420265358802670e-08
7.590000000000000000e+02 1.216431895469430020e-04 1.216127302432756254e-04 3.045930366737865768e-08
7.600000000000000000e+02 1.213972604491401770e-04 1.213669355650824936e-04 3.032488405767861389e-08
7.610000000000000000e+02 1.211520904499339686e-04 1.211218995083259326e-04 3.019094160802996836e-08
7.620000000000000000e+02 1.209076762649645051e-04 1.208776187908496165e-04 3.005747411489505750e-08
7.630000000000000000e+02 1.206640146282524214e-04 1.206340901488648515e-04 2.992447938756505450e-08
7.640000000000000000e+02 1.204211022920720749e-04 1.203913103368240079e-04 2.979195524806918127e-08
7.650000000000000000e+02 1.201789360268266726e-04 1.201492761272955937e-04 2.965989953108509500e-08
7.660000000000000000e+02 1.199375126209236694e-04 1.199079843108398149e-04 2.952831008384947327e-08
7.670000000000000000e+02 1.196968288806514534e-04 1.196674316958853832e-04 2.939718476606977701e-08
7.680000000000000000e+02 1.194568816300571970e-04 1.194276151086073667e-04 2.926652144983654293e-08
7.690000000000000000e+02 1.192176677108255212e-04 1.191885313928059902e-04 2.913631801953648647e-08
7.700000000000000000e+02 1.189791839821580544e-04 1.189501774097862885e-04 2.900657237176629641e-08
7.710000000000000000e+02 1.187414273206540208e-04 1.187125500382387762e-04 2.887728241524687938e-08
7.720000000000000000e+02 1.185043946201920625e-04 1.184756461741213242e-04 2.874844607073891464e-08
7.730000000000000000e+02 1.182680827918127799e-04 1.182394627305418218e-04 2.862006127095863717e-08
7.740000000000000000e+02 1.180324887636020577e-04 1.180039966376415572e-04 2.849212596049431560e-08
7.750000000000000000e+02 1.177976094805756248e-04 1.177692448424798988e-04 2.836463809572358045e-08
7.760000000000000000e+02 1.175634419045644267e-04 1.175352043089196956e-04 2.823759564473144724e-08
7.770000000000000000e+02 1.173299830141010419e-04 1.173018720175138149e-04 2.811099658722889214e-08
7.780000000000000000e+02 1.170989964665882622e-04 1.170709992154563098e-04 2.799725113195447159e-08
7.790000000000000000e+02 1.168687058092209577e-04 1.168408219119471657e-04 2.788389727379552246e-08
7.800000000000000000e+02 1.166391081019327254e-04 1.166113371686812520e-04 2.777093325147118081e-08
7.810000000000000000e+02 1.164102004207267593e-04 1.163825420634130613e-04 2.765835731370060736e-08
7.820000000000000000e+02 1.161819798575681220e-04 1.161544336898489931e-04 2.754616771913406348e-08
7.830000000000000000e+02 1.159544435202766250e-04 1.159270091575403434e-04 2.743436273628457949e-08
7.840000000000000000e+02 1.157275885324205502e-04 1.157002655917770936e-04 2.732294064346000004e-08
7.850000000000000000e+02 1.155014120332114279e-04 1.154742001334827293e-04 2.721189972869588000e-08
7.860000000000000000e+02 1.152759111773994248e-04 1.152488099391097364e-04 2.710123828968861511e-08
7.870000000000000000e+02 1.150510831351696537e-04 1.150240921805359249e-04 2.699095463372932713e-08
7.880000000000000000e+02 1.148269250920393099e-04 1.148000440449616733e-04 2.688104707763810297e-08
7.890000000000000000e+02 1.146034342487556746e-04 1.145766627348079728e-04 2.677151394769902791e-08
7.900000000000000000e+02 1.143806078211945389e-04 1.143539454676149463e-04 2.666235357959528170e-08
7.910000000000000000e+02 1.141584430402602676e-04 1.141318894759419251e-04 2.655356431834546556e-08
7.920000000000000000e+02 1.139369371517857813e-04 1.139104920072675405e-04 2.644514451823970735e-08
7.930000000000000000e+02 1.137160874164336636e-04 1.136897503238908845e-04 2.633709254277669004e-08
7.940000000000000000e+02 1.134958911095981088e-04 1.134696617028335116e-04 2.622940676460102749e-08
7.950000000000000000e+02 1.132763455213078451e-04 1.132502234357424031e-04 2.612208556544151044e-08
7.960000000000000000e+02 1.130574479561290981e-04 1.130314328287930525e-04 2.601512733604911101e-08
7.970000000000000000e+02 1.128391957330701005e-04 1.128132872025939610e-04 2.590853047613620476e-08
7.980000000000000000e+02 1.126215861854859253e-04 1.125957838920916074e-04 2.580229339431590856e-08
7.990000000000000000e+02 1.124046166609842559e-04 1.123789202464762170e-04 2.569641450804202070e-08
8.000000000000000000e+02 1.121882845213315614e-04 1.121626936290880057e-04 2.559089224354928184e-08
8.010000000000000000e+02 1.119725871423604382e-04 1.119471014173246428e-04 2.548572503579432102e-08
8.020000000000000000e+02 1.117575219138775342e-04 1.117321410025491347e-04 2.538091132839709449e-08
8.030000000000000000e+02 1.115430862395719064e-04 1.115178097899983186e-04 2.527644957358242397e-08
8.040000000000000000e+02 1.113292775369243955e-04 1.113041051986922767e-04 2.517233823212236857e-08
8.050000000000000000e+02 1.111160932371177586e-04 1.110910246613444835e-04 2.506857577327900709e-08
8.060000000000000000e+02 1.109035307849472093e-04 1.108785656242724675e-04 2.496516067474751807e-08
8.070000000000000000e+02 1.106915876387316893e-04 1.106667255473090959e-04 2.486209142259965354e-08
8.080000000000000000e+02 1.104802612702263190e-04 1.104555019037150936e-04 2.475936651122818231e-08
8.090000000000000000e+02 1.102695491645346991e-04 1.102448921800914123e-04 2.465698444329086663e-08
8.100000000000000000e+02 1.100594488200226081e-04 1.100348938762929550e-04 2.455494372965580215e-08
8.110000000000000000e+02 1.098499577482319709e-04 1.098255045053426262e-04 2.445324288934657247e-08
8.120000000000000000e+02 1.096410734737957081e-04 1.096167215933462215e-04 2.435188044948819462e-08
8.130000000000000000e+02 1.094327935343529789e-04 1.094085426794077251e-04 2.425085494525312395e-08
8.140000000000000000e+02 1.092251154804652226e-04 1.092009653155454188e-04 2.415016491980797712e-08
8.150000000000000000e+02 1.090180368755331230e-04 1.089939870666088598e-04 2.404980892426067194e-08
8.160000000000000000e+02 1.088115552957136120e-04 1.087876055101960068e-04 2.394978551760787160e-08
8.170000000000000000e+02 1.086056683298379315e-04 1.085818182365712542e-04 2.385009326668267713e-08
8.180000000000000000e+02 1.084003735793303858e-04 1.083766228485842799e-04 2.375073074610319325e-08
8.190000000000000000e+02 1.081956686581271213e-04 1.081720169615889060e-04 2.365169653822086273e-08
8.200000000000000000e+02 1.079915511925965733e-04 1.079679982033635049e-04 2.355298923307001161e-08
8.210000000000000000e+02 1.077880188214592485e-04 1.077645642140309310e-04 2.345460742831677581e-08
8.220000000000000000e+02 1.075850691957091609e-04 1.075617126459799567e-04 2.335654972920943391e-08
8.230000000000000000e+02 1.073826999785354171e-04 1.073594411637868846e-04 2.325881474852841230e-08
8.240000000000000000e+02 1.071809088452442484e-04 1.071577474441377152e-04 2.316140110653701503e-08
8.250000000000000000e+02 1.069796934831821275e-04 1.069566291757511960e-04 2.306430743093247127e-08
8.260000000000000000e+02 1.067790515916588307e-04 1.067560840593020325e-04 2.296753235679715146e-08
8.270000000000000000e+02 1.065789808818716115e-04 1.065561098073450618e-04 2.287107452655055450e-08
8.280000000000000000e+02 1.063794790768297671e-04 1.063567041442398602e-04 2.277493258990139078e-08
8.290000000000000000e+02 1.061820693159729045e-04 1.061593807220945142e-04 2.268859387838810668e-08
8.300000000000000000e+02 1.059852184286134492e-04 1.059626158945214041e-04 2.260253409204168806e-08
8.310000000000000000e+02 1.057889241970676821e-04 1.057664074450142546e-04 2.251675205342477285e-08
8.320000000000000000e+02 1.055931844150351668e-04 1.055707531684437980e-04 2.243124659137534180e-08
8.330000000000000000e+02 1.053979968875264604e-04 1.053756508709854987e-04 2.234601654096568046e-08
8.340000000000000000e+02 1.052033594307921657e-04 1.051810983700487008e-04 2.226106074346243291e-08
8.350000000000000000e+02 1.050092698722520789e-04 1.049870934942057885e-04 2.217637804628637108e-08
8.360000000000000000e+02 1.048157260504249737e-04 1.047936340831219981e-04 2.209196730297273299e-08
8.370000000000000000e+02 1.046227258148591991e-04 1.046007179874860695e-04 2.200782737313202773e-08
8.380000000000000000e+02 1.044302670260631682e-04 1.044083430689407625e-04 2.192395712241069799e-08
8.390000000000000000e+02 1.042383475554369454e-04 1.042165072000144976e-04 2.184035542245242458e-08
8.400000000000000000e+02 1.040469652852040903e-04 1.040252082640532276e-04 2.175702115085962942e-08
8.410000000000000000e+02 1.038561181083440309e-04 1.038344441551528784e-04 2.167395319115529622e-08
8.420000000000000000e+02 1.036658039285249784e-04 1.036442127780922367e-04 2.159115043274501612e-08
8.430000000000000000e+02 1.034760206600372084e-04 1.034545120482663257e-04 2.150861177087927154e-08
8.440000000000000000e+02 1.032867662277270056e-04 1.032653398916203911e-04 2.142633610661621970e-08
8.450000000000000000e+02 1.030980385669311508e-04 1.030766942445843605e-04 2.134432234678461175e-08
8.460000000000000000e+02 1.029098356234115305e-04 1.028885730540075888e-04 2.126256940394688064e-08
8.470000000000000000e+02 1.027221553532905177e-04 1.027009742770941574e-04 2.118107619636266253e-08
8.480000000000000000e+02 1.025349957229870724e-04 1.025138958813391241e-04 2.109984164795276801e-08
8.490000000000000000e+02 1.023483547091525293e-04 1.023273358444642701e-04 2.101886468826283918e-08
8.500000000000000000e+02 1.021622302986077550e-04 1.021412921543553244e-04 2.093814425242800251e-08
8.510000000000000000e+02 1.019766204882801419e-04 1.019557628089989994e-04 2.085767928113722071e-08
8.520000000000000000e+02 1.017915232851413485e-04 1.017707458164207439e-04 2.077746872059821691e-08
8.530000000000000000e+02 1.016069367061452961e-04 1.015862391946227941e-04 2.069751152250243534e-08
8.540000000000000000e+02 1.014228587781670199e-04 1.014022409715230252e-04 2.061780664399067030e-08
8.550000000000000000e+02 1.012392875379415066e-04 1.012187491848938833e-04 2.053835304761846353e-08
8.560000000000000000e+02 1.010562210320029925e-04 1.010357618823016704e-04 2.045914970132189865e-08
8.570000000000000000e+02 1.008736573166252510e-04 1.008532771210468723e-04 2.038019557838398124e-08
8.580000000000000000e+02 1.006915944577617855e-04 1.006712929681043785e-04 2.030148965740086999e-08
8.590000000000000000e+02 1.005100305309864286e-04 1.004898075000641765e-04 2.022303092224846527e-08
8.600000000000000000e+02 1.003289636214347273e-04 1.003088188030726828e-04 2.014481836204928213e-08
8.610000000000000000e+02 1.001483918237456807e-04 1.001283249727745347e-04 2.006685097113969732e-08
8.620000000000000000e+02 9.996831324200357283e-05 9.994832411425453157e-05 1.998912774903715652e-08
8.630000000000000000e+02 9.978872598968053663e-05 9.976881434198013100e-05 1.991164770040783487e-08
8.640000000000000000e+02 9.960962818957956588e-05 9.958979377974452863e-05 1.983440983503450269e-08
8.650000000000000000e+02 9.943101797377762159e-05 9.941126056060983220e-05 1.975741316778451685e-08
8.660000000000000000e+02 9.925289348356945674e-05 9.923321282685087282e-05 1.968065671857820269e-08
8.670000000000000000e+02 9.907525286941182058e-05 9.905564872989946340e-05 1.960413951235741778e-08
8.680000000000000000e+02 9.889809429086774415e-05 9.887856643028868422e-05 1.952786057905416541e-08
8.690000000000000000e+02 9.872141591655177455e-05 9.870196409759821206e-05 1.945181895355987311e-08
8.700000000000000000e+02 9.854521592407497878e-05 9.852583991039928334e-05 1.937601367569431380e-08
8.710000000000000000e+02 9.836949249999086913e-05 9.835019205620068735e-05 1.930044379017527473e-08
8.720000000000000000e+02 9.819424383974136928e-05 9.817501873139478650e-05 1.922510834658815035e-08
8.730000000000000000e+02 9.801946814760343089e-05 9.800031814120407870e-05 1.915000639935584283e-08
8.740000000000000000e+02 9.784516363663575862e-05 9.782608849962804440e-05 1.907513700770887770e-08
8.750000000000000000e+02 9.767132852862613144e-05 9.765232802939048141e-05 1.900049923565579406e-08
8.760000000000000000e+02 9.749796105403899502e-05 9.747903496188704310e-05 1.892609215195357127e-08
8.770000000000000000e+02 9.732505945196356912e-05 9.730620753713349483e-05 1.885191483007860811e-08
8.780000000000000000e+02 9.715262197006195490e-05 9.713384400371375359e-05 1.877796634819740089e-08
8.790000000000000000e+02 9.698064686451813687e-05 9.696194261872899823e-05 1.870424578913803548e-08
8.800000000000000000e+02 9.680913239998691685e-05 9.679050164774654936e-05 1.863075224036132206e-08
8.810000000000000000e+02 9.663807684954332246e-05 9.661951936474938614e-05 1.855748479393253858e-08
8.820000000000000000e+02 9.646747849463274736e-05 9.644899405208625948e-05 1.848444254649332320e-08
8.830000000000000000e+02 9.629869634639835470e-05 9.628027757166001278e-05 1.841877473833598030e-08
8.840000000000000000e+02 9.613036336453682665e-05 9.611201005846136498e-05 1.835330607546603704e-08
8.850000000000000000e+02 9.596247787443160885e-05 9.594418983866302025e-05 1.828803576858420928e-08
8.860000000000000000e+02 9.579503820954085103e-05 9.577681524650851082e-05 1.822296303234117566e-08
8.870000000000000000e+02 9.562804271134979701e-05 9.560988462426447856e-05 1.815808708531364563e-08
8.880000000000000000e+02 9.546148972932295778e-05 9.544339632217298361e-05 1.809340714998039106e-08
8.890000000000000000e+02 9.529537762085731468e-05 9.527734869840461267e-05 1.802892245269876089e-08
8.900000000000000000e+02 9.512970475123517014e-05 9.511174011901149235e-05 1.796463222368104037e-08
8.910000000000000000e+02 9.496446949357785223e-05 9.494656895788088535e-05 1.790053569697121054e-08
8.920000000000000000e+02 9.479967022879936503e-05 9.478183359668894924e-05 1.783663211042165485e-08
8.930000000000000000e+02 9.463530534556079793e-05 9.461753242485513216e-05 1.777292070567043156e-08
8.940000000000000000e+02 9.447137324022438257e-05 9.445366383949627045e-05 1.770940072811808617e-08
8.950000000000000000e+02 9.430787231680860686e-05 9.429022624538170268e-05 1.764607142690523155e-08
8.960000000000000000e+02 9.414480098694324767e-05 9.412721805488835657e-05 1.758293205489002546e-08
8.970000000000000000e+02 9.398215766982464755e-05 9.396463768795602564e-05 1.751998186862566131e-08
8.980000000000000000e+02 9.381994079217150634e-05 9.380248357204317442e-05 1.745722012833830559e-08
8.990000000000000000e+02 9.365814878818103876e-05 9.364075414208313669e-05 1.739464609790511805e-08
9.000000000000000000e+02 9.349678009948495579e-05 9.347944784044012398e-05 1.733225904483211962e-08
9.010000000000000000e+02 9.333583317510654384e-05 9.331856311686630471e-05 1.727005824023280485e-08
9.020000000000000000e+02 9.317530647141713401e-05 9.315809842845832768e-05 1.720804295880625473e-08
9.030000000000000000e+02 9.301519845209387243e-05 9.299805223961505175e-05 1.714621247881601706e-08
9.040000000000000000e+02 9.285550758807662320e-05 9.283842302199455721e-05 1.708456608206855019e-08
9.050000000000000000e+02 9.269623235752629442e-05 9.267920925447240400e-05 1.702310305389229198e-08
9.060000000000000000e+02 9.253737124578263556e-05 9.252040942309952402e-05 1.696182268311660314e-08
9.070000000000000000e+02 9.237892274532297004e-05 9.236202202106091300e-05 1.690072426205111415e-08
9.080000000000000000e+02 9.222088535572033150e-05 9.220404554863386164e-05 1.683980708646467188e-08
9.090000000000000000e+02 9.206325758360307723e-05 9.204647851314751487e-05 1.677907045556529865e-08
9.100000000000000000e+02 9.190603794261360717e-05 9.188931942894163147e-05 1.671851367197935719e-08
9.110000000000000000e+02 9.174922495336820783e-05 9.173256681732648219e-05 1.665813604173159577e-08
9.120000000000000000e+02 9.159281714341674699e-05 9.157621920654251740e-05 1.659793687422492857e-08
9.130000000000000000e+02 9.143681304720269382e-05 9.142027513172046847e-05 1.653791548222045430e-08
9.140000000000000000e+02 9.128121120602361322e-05 9.126473313484180147e-05 1.647807118181770317e-08
9.150000000000000000e+02 9.112601016799167376e-05 9.110959176469923869e-05 1.641840329243490029e-08
9.160000000000000000e+02 9.097120848799464352e-05 9.095484957685784930e-05 1.635891113678941450e-08
9.170000000000000000e+02 9.081680472765683171e-05 9.080050513361595033e-05 1.629959404087835266e-08
9.180000000000000000e+02 9.066279745530080275e-05 9.064655700396684790e-05 1.624045133395927315e-08
9.190000000000000000e+02 9.050918524590895490e-05 9.049300376356042932e-05 1.618148234853110773e-08
9.200000000000000000e+02 9.035596668108524790e-05 9.033984399466493144e-05 1.612268642031495445e-08
9.210000000000000000e+02 9.020314034901777086e-05 9.018707628612953567e-05 1.606406288823547600e-08
9.220000000000000000e+02 9.005070484444086302e-05 9.003469923334646156e-05 1.600561109440186128e-08
9.230000000000000000e+02 8.989865876859814238e-05 8.988271143821404969e-05 1.594733038408944551e-08
9.240000000000000000e+02 8.974700072920510077e-05 8.973111150909938386e-05 1.588922010572099607e-08
9.250000000000000000e+02 8.959572934041274241e-05 8.957989806080188895e-05 1.583127961084855751e-08
9.260000000000000000e+02 8.944484322277062617e-05 8.942906971451649516e-05 1.577350825413503195e-08
9.270000000000000000e+02 8.929434100319096491e-05 8.927862509779762896e-05 1.571590539333621597e-08
9.280000000000000000e+02 8.914422131491223696e-05 8.912856284452296007e-05 1.565847038928263908e-08
9.290000000000000000e+02 8.899448279746363785e-05 8.897888159485777188e-05 1.560120260586188847e-08
9.300000000000000000e+02 8.884512409662930160e-05 8.882957999521930474e-05 1.554410141000066256e-08
9.310000000000000000e+02 8.869614386441315907e-05 8.868065669824150581e-05 1.548716617164729761e-08
9.320000000000000000e+02 8.854754075900380978e-05 8.853211036274005004e-05 1.543039626375425793e-08
9.330000000000000000e+02 8.839931344473948860e-05 8.838393965367722553e-05 1.537379106226060632e-08
9.340000000000000000e+02 8.825146059207373726e-05 8.823614324212765924e-05 1.531734994607492111e-08
9.350000000000000000e+02 8.810398087754077760e-05 8.808871980524371730e-05 1.526107229705802795e-08
9.360000000000000000e+02 8.795687298372150830e-05 8.794166802622150182e-05 1.520495750000604919e-08
9.370000000000000000e+02 8.781013559920935248e-05 8.779498659426672555e-05 1.514900494263333092e-08
9.380000000000000000e+02 8.766376741857686433e-05 8.764867420456130495e-05 1.509321401555588278e-08
9.390000000000000000e+02 8.751776714234196970e-05 8.750272955822969566e-05 1.503758411227449688e-08
9.400000000000000000e+02 8.737329530561809877e-05 8.735830776260099370e-05 1.498754301709860562e-08
9.410000000000000000e+02 8.722918508866413657e-05 8.721424744422599329e-05 1.493764443814306519e-08
9.420000000000000000e+02 8.708543522404852950e-05 8.707054733620372229e-05 1.488788784480465942e-08
9.430000000000000000e+02 8.694204445008408460e-05 8.692720617737511614e-05 1.483827270897495051e-08
9.440000000000000000e+02 8.679901151079597195e-05 8.678422271229095262e-05 1.478879850502588611e-08
9.450000000000000000e+02 8.665633515588971371e-05 8.664159569117992207e-05 1.473946470979564460e-08
9.460000000000000000e+02 8.651401414072005386e-05 8.649932386991748367e-05 1.469027080257474341e-08
9.470000000000000000e+02 8.637204722625910984e-05 8.635740600999401706e-05 1.464121626509183135e-08
9.480000000000000000e+02 8.623043317906567602e-05 8.621584087848418001e-05 1.459230058150006335e-08
9.490000000000000000e+02 8.608917077125389030e-05 8.607462724801552079e-05 1.454352323836311607e-08
9.500000000000000000e+02 8.594825878046286288e-05 8.593376389673821540e-05 1.449488372464171317e-08
9.510000000000000000e+02 8.580769598982581714e-05 8.579324960829414067e-05 1.444638153167984945e-08
9.520000000000000000e+02 8.566748118793993528e-05 8.565308317178674702e-05 1.439801615319139546e-08
9.530000000000000000e+02 8.552761316883616331e-05 8.551326338175091761e-05 1.434978708524663762e-08
9.540000000000000000e+02 8.538809073194923282e-05 8.537378903812297662e-05 1.430169382625899541e-08
9.550000000000000000e+02 8.524891268208808939e-05 8.523465894621111763e-05 1.425373587697182773e-08
9.560000000000000000e+02 8.511007782940609059e-05 8.509587191666564228e-05 1.420591274044517166e-08
9.570000000000000000e+02 8.497158498937171895e-05 8.495742676544967321e-05 1.415822392204273248e-08
9.580000000000000000e+02 8.483343298273963377e-05 8.481932231381021951e-05 1.411066892941903593e-08
9.590000000000000000e+02 8.469562063552134345e-05 8.468155738824883539e-05 1.406324727250632897e-08
9.600000000000000000e+02 8.455814677895673163e-05 8.454413082049322772e-05 1.401595846350200170e-08
9.610000000000000000e+02 8.442101024948517676e-05 8.440704144746832133e-05 1.396880201685569489e-08
9.620000000000000000e+02 8.428420988871740350e-05 8.427028811126815110e-05 1.392177744925677811e-08
9.630000000000000000e+02 8.414774454340702241e-05 8.413386965912740165e-05 1.387488427962175843e-08
9.640000000000000000e+02 8.401161306542266594e-05 8.399778494339358399e-05 1.382812202908186443e-08
9.650000000000000000e+02 8.387581431171992118e-05 8.386203282149895467e-05 1.378149022097058218e-08
9.660000000000000000e+02 8.374034714431387240e-05 8.372661215593305841e-05 1.373498838081147593e-08
9.670000000000000000e+02 8.360521043025135907e-05 8.359152181421505379e-05 1.368861603630581507e-08
9.680000000000000000e+02 8.347040304158385722e-05 8.345676066886654045e-05 1.364237271732061313e-08
9.690000000000000000e+02 8.333592385534011689e-05 8.332232759738423720e-05 1.359625795587639873e-08
9.700000000000000000e+02 8.320177175349943656e-05 8.318822148221329709e-05 1.355027128613541005e-08
9.710000000000000000e+02 8.306794562296455811e-05 8.305444121072017526e-05 1.350441224438953127e-08
9.720000000000000000e+02 8.293444435553530710e-05 8.292098567516625570e-05 1.345868036904858791e-08
9.730000000000000000e+02 8.280126684788190791e-05 8.278785377268127476e-05 1.341307520062851818e-08
9.740000000000000000e+02 8.266841200151878665e-05 8.265504440523704281e-05 1.336759628173976763e-08
9.750000000000000000e+02 8.253587872277852325e-05 8.252255647962145047e-05 1.332224315707567553e-08
9.760000000000000000e+02 8.240366592278577636e-05 8.239038890741237999e-05 1.327701537340098036e-08
9.770000000000000000e+02 8.227177251743150645e-05 8.225854060495196905e-05 1.323191247954029060e-08
9.780000000000000000e+02 8.214019742734732091e-05 8.212701049332095577e-05 1.318693402636681848e-08
9.790000000000000000e+02 8.200893957788026631e-05 8.199579749831347104e-05 1.314207956679112044e-08
9.800000000000000000e+02 8.187799789906706504e-05 8.186490055041131580e-05 1.309734865574970188e-08
9.810000000000000000e+02 8.174737132560931424e-05 8.173431858475911930e-05 1.305274085019400406e-08
9.820000000000000000e+02 8.161705879684853554e-05 8.160405054113945662e-05 1.300825570907939268e-08
9.830000000000000000e+02 8.148705925674108936e-05 8.147409536394773584e-05 1.296389279335394132e-08
9.840000000000000000e+02 8.135737165383369904e-05 8.134445200216774930e-05 1.291965166594770788e-08
9.850000000000000000e+02 8.122799494123888011e-05 8.121511940934711643e-05 1.287553189176175619e-08
9.860000000000000000e+02 8.109892807661069482e-05 8.108609654357303823e-05 1.283153303765744078e-08
9.870000000000000000e+02 8.097017002212033047e-05 8.095738236744788922e-05 1.278765467244558565e-08
9.880000000000000000e+02 8.084171974443231476e-05 8.082897584806543272e-05 1.274389636687595924e-08
9.890000000000000000e+02 8.071357621468040582e-05 8.070087595698677871e-05 1.270025769362659058e-08
9.900000000000000000e+02 8.058573840844398368e-05 8.057308167021669395e-05 1.265673822729330213e-08
9.910000000000000000e+02 8.045820530572436052e-05 8.044559196817997998e-05 1.261333754437921617e-08
9.920000000000000000e+02 8.033097589092145672e-05 8.031840583569817629e-05 1.257005522328448288e-08
9.930000000000000000e+02 8.020404915281031434e-05 8.019152226196601962e-05 1.252689084429577016e-08
9.940000000000000000e+02 8.007742408451822046e-05 8.006494024052864856e-05 1.248384398957628125e-08
9.950000000000000000e+02 7.995109968350145105e-05 7.993865876925829324e-05 1.244091424315534049e-08
9.960000000000000000e+02 7.982507495152246205e-05 7.981267685033154773e-05 1.239810119091837123e-08
9.970000000000000000e+02 7.969934889462729731e-05 7.968699349020669665e-05 1.235540442059685713e-08
9.980000000000000000e+02 7.957392052312284747e-05 7.956160769960108248e-05 1.231282352175831513e-08
9.990000000000000000e+02 7.944878885155455604e-05 7.943651849346875741e-05 1.227035808579641720e-08
